<TICKER>,<PER>,<DATE>,<TIME>,<OPEN>,<HIGH>,<LOW>,<CLOSE>,<VOL>,<OPENINT>
ARH,D,20160322,000000,9.4426,9.4426,8.8903,9.2113,10259,0
ARH,D,20160323,000000,9.271,9.271,8.4088,9.0928,11073,0
ARH,D,20160324,000000,9.0624,9.1515,9.0624,9.1515,2925,0
ARH,D,20160329,000000,8.9734,8.9793,8.9138,8.9793,3114,0
ARH,D,20160330,000000,8.9793,9.2113,8.9793,9.2056,5856,0
ARH,D,20160331,000000,8.9205,9.1696,8.9205,9.1696,35,0
ARH,D,20160401,000000,9.1231,9.1231,9.1231,9.1231,177,0
ARH,D,20160404,000000,9.1231,9.1231,9.1231,9.1231,277,0
ARH,D,20160405,000000,9.1231,9.1231,9.0624,9.0624,1864,0
ARH,D,20160406,000000,9.1231,9.1231,8.9734,8.9734,1186,0
ARH,D,20160407,000000,9.0624,9.0624,8.9432,8.9432,200,0
ARH,D,20160408,000000,8.9432,9.2113,8.9432,8.9499,3948,0
ARH,D,20160411,000000,9.1999,9.1999,9.1999,9.1999,1,0
ARH,D,20160412,000000,8.9499,9.1335,8.9432,9.1335,564,0
ARH,D,20160413,000000,9.1165,9.1165,8.9499,9.1165,443,0
ARH,D,20160414,000000,9.034,9.0928,9.034,9.0928,1354,0
ARH,D,20160415,000000,8.9138,9.0691,8.8549,9.0691,2996,0
ARH,D,20160418,000000,8.9205,8.9205,8.9087,8.9087,1421,0
ARH,D,20160419,000000,8.8667,8.8667,8.844,8.844,1377,0
ARH,D,20160420,000000,8.8255,8.8255,8.4382,8.4508,2676,0
ARH,D,20160421,000000,8.6172,8.6769,8.6172,8.6172,1166,0
ARH,D,20160422,000000,8.6172,8.8549,8.6172,8.8549,186,0
ARH,D,20160425,000000,8.6769,8.6769,8.4458,8.4458,1699,0
ARH,D,20160426,000000,8.6466,9.034,8.6466,9.034,4905,0
ARH,D,20160427,000000,9.034,9.3307,9.034,9.0387,13361,0
ARH,D,20160428,000000,9.0444,9.0444,9.0444,9.0444,497,0
ARH,D,20160502,000000,9.0928,9.0928,9.0928,9.0928,160,0
ARH,D,20160504,000000,8.7062,8.8784,8.6945,8.6945,1962,0
ARH,D,20160506,000000,8.7944,9.2056,8.7944,8.8549,1683,0
ARH,D,20160509,000000,8.9138,8.9138,8.9138,8.9138,18,0
ARH,D,20160510,000000,8.9138,8.9558,8.9138,8.9558,1214,0
ARH,D,20160511,000000,8.9255,9.2653,8.9255,9.2113,4706,0
ARH,D,20160512,000000,9.2359,9.2359,9.0928,9.1696,4224,0
ARH,D,20160513,000000,9.1515,9.1515,9.1515,9.1515,336,0
ARH,D,20160516,000000,9.1876,9.2056,9.1639,9.2056,1481,0
ARH,D,20160517,000000,9.2113,9.2113,9.1828,9.1828,2632,0
ARH,D,20160518,000000,9.1515,9.1515,9.1515,9.1515,101,0
ARH,D,20160519,000000,9.0928,9.2113,9.0928,9.2113,18270,0
ARH,D,20160520,000000,9.2653,9.271,9.2653,9.271,4705,0
ARH,D,20160523,000000,9.1515,9.1515,9.0928,9.0928,1094,0
ARH,D,20160524,000000,9.2113,9.271,9.2113,9.217,1630,0
ARH,D,20160525,000000,9.271,9.271,9.271,9.271,810,0
ARH,D,20160530,000000,9.2113,9.2113,9.0985,9.2113,648,0
ARH,D,20160531,000000,9.1828,9.2113,9.0928,9.2113,2723,0
ARH,D,20160601,000000,9.0985,9.0985,8.9381,8.9381,1576,0
ARH,D,20160602,000000,8.9205,9.271,8.9138,9.271,6076,0
ARH,D,20160603,000000,9.271,9.271,9.271,9.271,133,0
ARH,D,20160606,000000,9.271,9.271,9.034,9.034,576,0
ARH,D,20160607,000000,9.0217,9.2587,9.0217,9.2587,1750,0
ARH,D,20160608,000000,9.0036,9.0928,9.0036,9.0928,1599,0
ARH,D,20160609,000000,9.0928,9.0928,9.0928,9.0928,254,0
ARH,D,20160610,000000,9.034,9.034,9.034,9.034,1683,0
ARH,D,20160614,000000,9.0387,9.0387,8.9205,8.9205,708,0
ARH,D,20160615,000000,8.9205,8.9205,8.9138,8.9138,663,0
ARH,D,20160616,000000,8.8549,8.8549,8.7356,8.7356,340,0
ARH,D,20160620,000000,8.7356,8.7415,8.7356,8.7356,844,0
ARH,D,20160621,000000,8.5046,8.5046,8.5046,8.5046,68,0
ARH,D,20160622,000000,8.7247,8.844,8.7247,8.844,372,0
ARH,D,20160624,000000,8.5046,8.6113,8.0223,8.5819,7126,0
ARH,D,20160627,000000,8.886,8.886,8.823,8.886,2728,0
ARH,D,20160628,000000,8.886,8.886,8.886,8.886,666,0
ARH,D,20160629,000000,8.823,9.2027,8.823,9.1971,1119,0
ARH,D,20160630,000000,9.0141,9.0141,9.0141,9.0141,5,0
ARH,D,20160701,000000,8.9499,8.9558,8.9499,8.9558,584,0
ARH,D,20160704,000000,9.0141,9.0141,8.7591,8.7591,3479,0
ARH,D,20160705,000000,8.823,8.823,8.4726,8.4726,427,0
ARH,D,20160706,000000,8.4424,8.455,8.4424,8.4424,1920,0
ARH,D,20160707,000000,8.4424,8.5054,8.4424,8.5054,2538,0
ARH,D,20160712,000000,8.5625,8.5685,8.5625,8.5685,679,0
ARH,D,20160713,000000,8.5054,8.5054,8.5054,8.5054,89,0
ARH,D,20160714,000000,8.3845,8.3845,8.3845,8.3845,114,0
ARH,D,20160715,000000,8.6012,8.6012,8.6012,8.6012,118,0
ARH,D,20160718,000000,8.6012,8.6012,8.455,8.455,634,0
ARH,D,20160719,000000,8.4424,8.4424,8.4164,8.4164,1828,0
ARH,D,20160720,000000,8.4349,8.6256,8.4349,8.6256,3640,0
ARH,D,20160721,000000,8.6256,8.6256,8.3845,8.4047,239,0
ARH,D,20160722,000000,8.7398,8.7591,8.7398,8.7591,1251,0
ARH,D,20160725,000000,8.886,9.2027,8.5751,9.2027,2443,0
ARH,D,20160726,000000,9.2027,9.3118,9.2027,9.3118,1639,0
ARH,D,20160727,000000,9.3307,9.3307,9.3118,9.3118,159,0
ARH,D,20160728,000000,9.2027,9.2027,9.2027,9.2027,159,0
ARH,D,20160729,000000,9.1971,9.4891,9.1971,9.4891,594,0
ARH,D,20160801,000000,9.1648,9.1648,9.1648,9.1648,159,0
ARH,D,20160804,000000,9.4255,9.4255,9.4255,9.4255,38,0
ARH,D,20160808,000000,9.1715,9.1715,9.1715,9.1715,481,0
ARH,D,20160809,000000,9.1971,9.1971,9.1971,9.1971,159,0
ARH,D,20160810,000000,9.1971,9.1971,9.1648,9.1648,314,0
ARH,D,20160811,000000,9.2027,9.2027,9.2027,9.2027,300,0
ARH,D,20160812,000000,9.2359,9.514,9.2359,9.514,1340,0
ARH,D,20160816,000000,9.216,9.514,9.1648,9.514,323,0
ARH,D,20160817,000000,9.1715,9.514,9.1715,9.514,38,0
ARH,D,20160818,000000,9.514,9.514,9.514,9.514,235,0
ARH,D,20160824,000000,9.3933,9.3933,9.1468,9.362,1059,0
ARH,D,20160829,000000,9.1402,9.3307,9.1402,9.3307,364,0
ARH,D,20160830,000000,9.1781,9.1781,9.1402,9.1402,1063,0
ARH,D,20160831,000000,9.3307,9.565,9.2027,9.4891,12398,0
ARH,D,20160901,000000,9.4891,9.509,9.4891,9.509,1289,0
ARH,D,20160902,000000,9.4891,9.4891,9.1715,9.4578,1082,0
ARH,D,20160905,000000,9.4511,9.4511,9.1715,9.3307,702,0
ARH,D,20160906,000000,9.1914,9.4255,9.1914,9.4255,1086,0
ARH,D,20160907,000000,9.4132,9.522,9.4132,9.522,7995,0
ARH,D,20160908,000000,9.514,9.648,9.4578,9.648,59437,0
ARH,D,20160909,000000,9.584,9.807,9.522,9.648,86395,0
ARH,D,20160912,000000,9.4255,9.4255,9.3307,9.3307,28301,0
ARH,D,20160913,000000,9.3307,9.3307,9.3307,9.3307,3448,0
ARH,D,20160914,000000,9.2426,9.2426,9.2426,9.2426,31,0
ARH,D,20160915,000000,9.2473,9.743,9.2426,9.705,15703,0
ARH,D,20160916,000000,9.723,9.743,9.711,9.723,551,0
ARH,D,20160919,000000,9.711,9.743,9.711,9.743,5181,0
ARH,D,20160920,000000,9.648,9.743,9.527,9.584,467,0
ARH,D,20160921,000000,9.597,9.774,9.597,9.743,4836,0
ARH,D,20160923,000000,9.743,9.774,9.743,9.774,917,0
ARH,D,20160926,000000,9.774,9.819,9.4891,9.819,3981,0
ARH,D,20160927,000000,9.622,9.819,9.616,9.819,131,0
ARH,D,20160928,000000,9.616,9.819,9.522,9.812,120,0
ARH,D,20160929,000000,9.774,9.901,9.774,9.901,29090,0
ARH,D,20160930,000000,9.901,9.965,9.901,9.965,787,0
ARH,D,20161003,000000,9.965,9.965,9.901,9.901,410,0
ARH,D,20161004,000000,9.901,9.965,9.718,9.85,4982,0
ARH,D,20161006,000000,9.774,9.85,9.774,9.85,314,0
ARH,D,20161007,000000,9.85,9.901,9.85,9.901,600,0
ARH,D,20161010,000000,9.901,9.939,9.68,9.793,19349,0
ARH,D,20161011,000000,9.807,9.807,9.807,9.807,473,0
ARH,D,20161012,000000,9.774,9.774,9.774,9.774,159,0
ARH,D,20161013,000000,9.807,9.946,9.807,9.946,5764,0
ARH,D,20161014,000000,9.839,9.839,9.839,9.839,80,0
ARH,D,20161017,000000,9.711,9.939,9.711,9.839,872,0
ARH,D,20161018,000000,9.839,9.839,9.839,9.839,9105,0
ARH,D,20161019,000000,9.953,9.953,9.946,9.946,174,0
ARH,D,20161021,000000,9.839,9.839,9.839,9.839,323,0
ARH,D,20161024,000000,9.839,9.839,9.711,9.711,1835,0
ARH,D,20161025,000000,9.92,9.92,9.92,9.92,252,0
ARH,D,20161027,000000,9.711,9.839,9.522,9.673,1346,0
ARH,D,20161028,000000,9.68,9.68,9.68,9.68,2,0
ARH,D,20161031,000000,9.68,9.827,9.68,9.827,3899,0
ARH,D,20161103,000000,9.4891,9.578,9.4635,9.578,1501,0
ARH,D,20161104,000000,9.578,9.755,9.578,9.755,1570,0
ARH,D,20161107,000000,9.522,9.522,9.522,9.522,80,0
ARH,D,20161109,000000,9.584,9.812,9.584,9.812,68,0
ARH,D,20161110,000000,9.522,9.711,9.522,9.522,312,0
ARH,D,20161114,000000,9.4255,9.616,9.4255,9.522,3523,0
ARH,D,20161115,000000,9.4947,9.616,9.4947,9.522,489,0
ARH,D,20161116,000000,9.4312,9.4312,9.4255,9.4312,364,0
ARH,D,20161117,000000,9.61,9.61,9.61,9.61,22,0
ARH,D,20161118,000000,9.61,9.661,9.3933,9.3933,3762,0
ARH,D,20161121,000000,9.4578,9.522,9.4578,9.522,2250,0
ARH,D,20161122,000000,9.3364,9.4578,9.3307,9.4578,415,0
ARH,D,20161123,000000,9.4189,9.514,9.4189,9.514,1206,0
ARH,D,20161124,000000,9.509,9.509,9.3307,9.3307,679,0
ARH,D,20161125,000000,9.3307,9.3307,9.3307,9.3307,90,0
ARH,D,20161128,000000,9.2672,9.522,9.2672,9.4947,1850,0
ARH,D,20161129,000000,9.514,9.522,9.501,9.501,476,0
ARH,D,20161130,000000,9.514,9.514,9.2672,9.514,213,0
ARH,D,20161201,000000,9.509,9.509,9.509,9.509,7,0
ARH,D,20161202,000000,9.509,9.509,9.2672,9.2672,149,0
ARH,D,20161205,000000,9.4947,9.4947,9.2729,9.2729,59,0
ARH,D,20161206,000000,9.2672,9.2672,9.1402,9.2672,2315,0
ARH,D,20161207,000000,9.1715,9.1715,8.9499,9.1715,1018,0
ARH,D,20161208,000000,9.2027,9.2027,9.2027,9.2027,522,0
ARH,D,20161212,000000,8.823,9.2359,8.823,9.2359,2418,0
ARH,D,20161213,000000,9.3876,9.522,9.3876,9.522,7889,0
ARH,D,20161214,000000,9.527,9.743,9.527,9.743,712,0
ARH,D,20161215,000000,9.769,9.934,9.769,9.934,17865,0
ARH,D,20161216,000000,9.953,10.092,9.953,9.965,7152,0
ARH,D,20161219,000000,9.965,9.965,9.4578,9.965,2931,0
ARH,D,20161220,000000,9.839,9.839,9.839,9.839,787,0
ARH,D,20161221,000000,9.953,9.953,9.68,9.839,168,0
ARH,D,20161223,000000,9.901,9.901,9.901,9.901,7,0
ARH,D,20161227,000000,9.895,9.895,9.895,9.895,72,0
ARH,D,20161228,000000,9.839,9.839,9.839,9.839,240,0
ARH,D,20161229,000000,9.827,9.827,9.68,9.731,1897,0
ARH,D,20161230,000000,9.68,9.68,9.68,9.68,631,0
ARH,D,20170102,000000,9.68,9.711,9.68,9.68,2001,0
ARH,D,20170103,000000,9.839,10.092,9.522,9.673,9877,0
ARH,D,20170104,000000,9.661,9.661,9.522,9.522,784,0
ARH,D,20170105,000000,9.522,9.522,9.2359,9.3307,4370,0
ARH,D,20170109,000000,9.584,9.673,9.584,9.673,1875,0
ARH,D,20170110,000000,9.522,9.522,9.522,9.522,13,0
ARH,D,20170111,000000,9.673,9.68,9.673,9.68,1653,0
ARH,D,20170112,000000,9.68,9.901,9.68,9.901,15771,0
ARH,D,20170113,000000,9.895,9.895,9.648,9.655,178,0
ARH,D,20170116,000000,9.901,9.901,9.648,9.711,2149,0
ARH,D,20170117,000000,9.85,9.85,9.85,9.85,2,0
ARH,D,20170118,000000,9.839,9.839,9.839,9.839,2,0
ARH,D,20170119,000000,9.831,9.831,9.655,9.655,490,0
ARH,D,20170120,000000,9.527,9.774,9.522,9.527,7852,0
ARH,D,20170123,000000,9.4578,9.774,9.4578,9.774,1645,0
ARH,D,20170124,000000,9.774,9.901,9.4635,9.901,7309,0
ARH,D,20170125,000000,9.895,9.895,9.527,9.895,6385,0
ARH,D,20170126,000000,9.839,9.839,9.839,9.839,166,0
ARH,D,20170127,000000,9.839,9.839,9.839,9.839,2381,0
ARH,D,20170130,000000,9.946,9.946,9.946,9.946,1772,0
ARH,D,20170131,000000,9.946,9.946,9.901,9.901,1223,0
ARH,D,20170201,000000,9.895,9.895,9.895,9.895,128,0
ARH,D,20170202,000000,9.839,9.839,9.522,9.522,915,0
ARH,D,20170203,000000,9.889,9.889,9.807,9.839,1725,0
ARH,D,20170207,000000,9.839,9.882,9.839,9.882,2177,0
ARH,D,20170208,000000,9.774,9.774,9.774,9.774,26,0
ARH,D,20170209,000000,9.895,9.895,9.774,9.774,646,0
ARH,D,20170210,000000,9.68,9.871,9.68,9.871,1182,0
ARH,D,20170213,000000,9.68,9.871,9.522,9.871,2536,0
ARH,D,20170214,000000,9.522,9.522,9.522,9.522,157,0
ARH,D,20170215,000000,9.527,9.527,9.527,9.527,314,0
ARH,D,20170216,000000,9.534,9.584,9.527,9.527,1127,0
ARH,D,20170217,000000,9.534,9.61,9.1269,9.1269,9547,0
ARH,D,20170220,000000,9.522,9.522,9.2094,9.522,1349,0
ARH,D,20170221,000000,9.522,9.522,9.522,9.522,250,0
ARH,D,20170222,000000,9.522,9.522,9.522,9.522,584,0
ARH,D,20170223,000000,9.362,9.522,9.362,9.522,470,0
ARH,D,20170224,000000,9.522,9.522,9.3307,9.3307,522,0
ARH,D,20170227,000000,9.514,9.514,9.4578,9.4635,1651,0
ARH,D,20170228,000000,9.514,9.514,9.514,9.514,39,0
ARH,D,20170301,000000,9.514,9.522,9.514,9.522,1984,0
ARH,D,20170302,000000,9.522,9.522,9.522,9.522,562,0
ARH,D,20170303,000000,9.527,9.584,9.527,9.584,1937,0
ARH,D,20170306,000000,9.4635,9.648,9.2359,9.648,382,0
ARH,D,20170307,000000,9.522,9.522,9.522,9.522,45,0
ARH,D,20170308,000000,9.3933,9.3933,9.3933,9.3933,764,0
ARH,D,20170309,000000,9.522,9.522,9.522,9.522,3,0
ARH,D,20170310,000000,9.509,9.522,9.509,9.522,8290,0
ARH,D,20170313,000000,9.642,9.642,9.2426,9.522,3625,0
ARH,D,20170314,000000,9.584,9.584,9.584,9.584,2,0
ARH,D,20170315,000000,9.584,9.584,9.362,9.362,1271,0
ARH,D,20170316,000000,9.553,9.553,9.3051,9.522,122,0
ARH,D,20170317,000000,9.553,9.553,9.522,9.553,2983,0
ARH,D,20170320,000000,9.584,9.648,9.3307,9.648,37343,0
ARH,D,20170322,000000,9.3497,9.622,9.3497,9.622,338,0
ARH,D,20170323,000000,9.553,9.553,9.553,9.553,141096,0
ARH,D,20170324,000000,9.522,9.522,9.522,9.522,4439,0
ARH,D,20170327,000000,9.4767,9.522,9.4767,9.522,473,0
ARH,D,20170328,000000,9.4824,9.4824,9.4578,9.4578,565,0
ARH,D,20170329,000000,9.534,9.597,9.534,9.597,720,0
ARH,D,20170330,000000,9.597,9.603,9.597,9.603,396,0
ARH,D,20170331,000000,9.603,9.68,9.603,9.68,2792,0
ARH,D,20170404,000000,9.699,9.901,9.699,9.901,13082,0
ARH,D,20170405,000000,9.774,9.774,9.68,9.68,1103,0
ARH,D,20170406,000000,9.908,9.908,9.908,9.908,3,0
ARH,D,20170407,000000,9.908,9.997,9.908,9.939,9074,0
ARH,D,20170410,000000,10.041,10.041,10.041,10.041,473,0
ARH,D,20170411,000000,9.99,9.99,9.901,9.984,166,0
ARH,D,20170412,000000,9.99,10.473,9.99,10.156,32533,0
ARH,D,20170413,000000,10.41,10.41,9.807,10.282,3878,0
ARH,D,20170418,000000,10.124,10.277,10.124,10.277,10230,0
ARH,D,20170419,000000,10.13,10.282,10.13,10.269,7791,0
ARH,D,20170420,000000,10.282,10.473,10.282,10.473,3530,0
ARH,D,20170421,000000,10.625,10.625,10.537,10.599,7448,0
ARH,D,20170424,000000,10.727,10.771,10.727,10.771,2984,0
ARH,D,20170425,000000,10.771,10.771,10.631,10.771,1313,0
ARH,D,20170426,000000,10.771,10.771,10.599,10.758,918,0
ARH,D,20170427,000000,10.727,10.758,10.664,10.664,5844,0
ARH,D,20170428,000000,10.353,10.695,10.156,10.695,5010,0
ARH,D,20170502,000000,10.537,10.702,10.537,10.702,896,0
ARH,D,20170504,000000,10.714,10.714,10.664,10.664,1586,0
ARH,D,20170505,000000,10.41,10.664,10.282,10.372,3221,0
ARH,D,20170508,000000,10.372,10.372,10.282,10.282,787,0
ARH,D,20170509,000000,10.346,10.346,9.622,9.839,7995,0
ARH,D,20170510,000000,9.839,9.839,9.711,9.75,47553,0
ARH,D,20170511,000000,9.774,10.015,9.75,10.01,11971,0
ARH,D,20170512,000000,10.01,10.022,10.01,10.022,2709,0
ARH,D,20170515,000000,9.965,10.028,9.723,10.028,1900,0
ARH,D,20170516,000000,9.85,9.85,9.85,9.85,129,0
ARH,D,20170517,000000,10.041,10.041,9.845,10.034,4936,0
ARH,D,20170518,000000,9.845,9.845,9.845,9.845,1,0
ARH,D,20170519,000000,10.25,10.25,9.85,10.219,89,0
ARH,D,20170522,000000,10.199,10.473,10.092,10.092,39392,0
ARH,D,20170523,000000,10.505,10.568,10.092,10.473,40206,0
ARH,D,20170524,000000,10.473,10.537,10.41,10.41,847,0
ARH,D,20170525,000000,10.41,10.664,10.41,10.664,6627,0
ARH,D,20170526,000000,10.594,10.651,10.568,10.568,2308,0
ARH,D,20170529,000000,10.746,10.752,10.625,10.727,6464,0
ARH,D,20170530,000000,10.747,10.79,10.631,10.631,6962,0
ARH,D,20170601,000000,10.932,10.952,10.932,10.952,300,0
ARH,D,20170602,000000,10.564,10.666,10.466,10.666,5473,0
ARH,D,20170605,000000,10.732,10.866,10.732,10.866,117914,0
ARH,D,20170606,000000,10.866,10.898,10.758,10.898,92537,0
ARH,D,20170607,000000,10.993,10.993,10.798,10.798,3045,0
ARH,D,20170608,000000,10.732,11.098,10.558,11.091,2346,0
ARH,D,20170609,000000,11.091,11.159,10.852,11.151,11676,0
ARH,D,20170612,000000,11.159,11.159,10.932,10.932,462,0
ARH,D,20170613,000000,10.866,10.932,10.778,10.932,1320,0
ARH,D,20170614,000000,10.798,10.925,10.738,10.745,15765,0
ARH,D,20170616,000000,10.798,10.866,10.798,10.866,448,0
ARH,D,20170619,000000,10.866,10.866,10.732,10.732,1436,0
ARH,D,20170620,000000,10.719,10.719,10.666,10.666,906,0
ARH,D,20170621,000000,10.666,10.666,10.666,10.666,105,0
ARH,D,20170622,000000,10.666,10.666,10.666,10.666,522,0
ARH,D,20170626,000000,10.666,10.765,10.666,10.666,898,0
ARH,D,20170627,000000,10.666,10.666,10.666,10.666,224,0
ARH,D,20170628,000000,10.697,10.697,10.697,10.697,118,0
ARH,D,20170629,000000,10.598,10.598,10.598,10.598,5118,0
ARH,D,20170630,000000,10.598,10.598,10.471,10.598,10903,0
ARH,D,20170703,000000,10.431,10.431,10.365,10.365,1221,0
ARH,D,20170704,000000,10.365,10.365,10.332,10.365,995,0
ARH,D,20170705,000000,10.065,10.498,10.065,10.498,428,0
ARH,D,20170707,000000,10.365,10.365,10.332,10.332,3962,0
ARH,D,20170710,000000,10.332,10.332,10.332,10.332,1726,0
ARH,D,20170711,000000,10.466,10.466,10.332,10.332,1000,0
ARH,D,20170712,000000,10.332,10.332,10.131,10.131,10724,0
ARH,D,20170713,000000,10.498,10.498,10.398,10.398,30,0
ARH,D,20170714,000000,10.365,10.365,10.365,10.365,300,0
ARH,D,20170718,000000,10.498,10.593,10.498,10.593,704,0
ARH,D,20170719,000000,10.593,10.697,10.593,10.697,317,0
ARH,D,20170720,000000,10.339,10.691,10.339,10.691,1503,0
ARH,D,20170721,000000,10.272,10.498,9.3649,10.498,13193,0
ARH,D,20170724,000000,10.266,10.586,10.266,10.586,1983,0
ARH,D,20170725,000000,10.232,10.525,10.179,10.491,4013,0
ARH,D,20170727,000000,10.593,10.593,10.593,10.593,2,0
ARH,D,20170728,000000,10.593,10.593,10.466,10.593,343,0
ARH,D,20170731,000000,10.332,10.593,10.332,10.593,33242,0
ARH,D,20170801,000000,10.598,10.666,10.598,10.598,38775,0
ARH,D,20170804,000000,10.459,10.459,10.459,10.459,1050,0
ARH,D,20170807,000000,10.232,10.232,10.232,10.232,750,0
ARH,D,20170808,000000,10.165,10.211,9.998,10.199,1636,0
ARH,D,20170809,000000,9.931,10.199,9.931,10.199,499,0
ARH,D,20170810,000000,10.199,10.199,10.199,10.199,374,0
ARH,D,20170811,000000,10.211,10.211,9.9,10.211,256,0
ARH,D,20170814,000000,10.299,10.299,10.299,10.299,2,0
ARH,D,20170816,000000,10.299,10.299,10.299,10.299,136,0
ARH,D,20170817,000000,9.998,10.266,9.998,10.266,781,0
ARH,D,20170818,000000,10.266,10.266,10.266,10.266,20,0
ARH,D,20170822,000000,10.232,10.232,10.232,10.232,135,0
ARH,D,20170824,000000,10.259,10.259,10.232,10.232,399,0
ARH,D,20170825,000000,10.199,10.199,10.199,10.199,1050,0
ARH,D,20170828,000000,9.931,10.259,9.931,10.259,446,0
ARH,D,20170829,000000,9.945,10.065,9.945,10.065,423,0
ARH,D,20170830,000000,10.165,10.165,10.165,10.165,129,0
ARH,D,20170831,000000,10.266,10.266,10.1,10.1,1372,0
ARH,D,20170901,000000,10.1,10.1,10.1,10.1,149,0
ARH,D,20170904,000000,10.199,10.266,10.199,10.266,368,0
ARH,D,20170905,000000,10.259,10.259,10.125,10.165,473,0
ARH,D,20170906,000000,10.1,10.1,9.945,9.945,52398,0
ARH,D,20170907,000000,9.965,9.998,9.827,9.827,9591,0
ARH,D,20170908,000000,9.798,9.798,9.798,9.798,537,0
ARH,D,20170911,000000,9.798,9.798,9.4312,9.798,9842,0
ARH,D,20170912,000000,9.798,9.798,9.798,9.798,603,0
ARH,D,20170913,000000,9.4995,9.664,9.4919,9.4919,744,0
ARH,D,20170914,000000,9.664,9.791,9.664,9.791,211,0
ARH,D,20170915,000000,9.798,9.998,9.798,9.998,2985,0
ARH,D,20170918,000000,9.992,9.998,9.992,9.998,232,0
ARH,D,20170919,000000,10.018,10.018,9.998,9.998,1878,0
ARH,D,20170920,000000,9.998,9.998,9.831,9.965,23798,0
ARH,D,20170921,000000,9.959,10.065,9.931,10.065,5086,0
ARH,D,20170922,000000,10.058,10.071,9.599,9.699,4117,0
ARH,D,20170925,000000,9.705,9.705,9.679,9.679,2153,0
ARH,D,20170926,000000,9.639,9.639,9.506,9.531,3653,0
ARH,D,20170927,000000,9.626,9.965,9.626,9.959,1479,0
ARH,D,20170928,000000,9.965,9.965,9.798,9.798,2384,0
ARH,D,20170929,000000,9.805,9.805,9.664,9.798,3383,0
ARH,D,20171004,000000,9.811,9.819,9.798,9.798,1171,0
ARH,D,20171005,000000,9.885,9.9,9.885,9.9,983,0
ARH,D,20171006,000000,9.998,9.998,9.998,9.998,6656,0
ARH,D,20171009,000000,10.065,10.065,10.065,10.065,1653,0
ARH,D,20171010,000000,10.259,10.259,10.191,10.191,907,0
ARH,D,20171011,000000,10.259,10.266,10.259,10.266,1283,0
ARH,D,20171012,000000,10.266,10.266,10.266,10.266,448,0
ARH,D,20171013,000000,10.266,10.266,10.232,10.232,1501,0
ARH,D,20171016,000000,10.232,10.232,10.199,10.199,973,0
ARH,D,20171017,000000,10.199,10.251,10.199,10.251,948,0
ARH,D,20171018,000000,10.199,10.199,10.199,10.199,854,0
ARH,D,20171019,000000,10.199,10.199,9.931,9.931,17328,0
ARH,D,20171020,000000,9.998,9.998,9.998,9.998,45172,0
ARH,D,20171023,000000,9.998,10.131,9.965,9.965,1947,0
ARH,D,20171024,000000,9.998,9.998,9.998,9.998,4928,0
ARH,D,20171025,000000,9.998,9.998,9.831,9.864,1741,0
ARH,D,20171026,000000,9.864,9.864,9.864,9.864,1124,0
ARH,D,20171027,000000,9.871,9.998,9.864,9.998,19001,0
ARH,D,20171030,000000,9.864,9.864,9.864,9.864,11002,0
ARH,D,20171031,000000,10.131,10.131,10.131,10.131,61,0
ARH,D,20171102,000000,9.998,9.998,9.9,9.965,1480,0
ARH,D,20171108,000000,9.805,9.831,9.798,9.831,2131,0
ARH,D,20171109,000000,9.831,9.831,9.664,9.791,840,0
ARH,D,20171110,000000,9.732,9.732,9.599,9.605,1465,0
ARH,D,20171113,000000,9.664,9.664,9.599,9.599,2470,0
ARH,D,20171114,000000,9.599,9.599,9.538,9.599,2172,0
ARH,D,20171115,000000,9.552,9.599,9.538,9.599,314,0
ARH,D,20171116,000000,9.538,9.785,9.531,9.785,388,0
ARH,D,20171117,000000,9.664,9.779,9.506,9.779,962,0
ARH,D,20171120,000000,9.859,9.859,9.511,9.565,929,0
ARH,D,20171121,000000,9.599,9.599,9.565,9.599,705,0
ARH,D,20171122,000000,9.599,9.664,9.599,9.664,10806,0
ARH,D,20171123,000000,9.664,9.664,9.599,9.599,6598,0
ARH,D,20171124,000000,9.599,9.599,9.525,9.599,565,0
ARH,D,20171127,000000,9.864,9.864,9.525,9.525,128,0
ARH,D,20171128,000000,9.531,9.851,9.518,9.851,751,0
ARH,D,20171129,000000,9.525,9.671,9.518,9.531,23889,0
ARH,D,20171130,000000,9.769,10.248,9.741,9.944,19864,0
ARH,D,20171201,000000,10.047,10.248,10.047,10.147,16550,0
ARH,D,20171204,000000,10.215,10.439,10.215,10.439,1759,0
ARH,D,20171205,000000,10.343,10.343,10.343,10.343,791,0
ARH,D,20171206,000000,10.418,10.418,10.418,10.418,369,0
ARH,D,20171207,000000,10.418,10.418,10.418,10.418,1110,0
ARH,D,20171208,000000,10.418,10.418,10.411,10.418,2883,0
ARH,D,20171211,000000,10.343,10.418,10.343,10.35,370,0
ARH,D,20171212,000000,10.357,10.357,10.35,10.35,289,0
ARH,D,20171213,000000,10.35,10.411,10.35,10.411,5791,0
ARH,D,20171214,000000,10.411,10.722,10.411,10.722,8508,0
ARH,D,20171215,000000,10.722,11.081,10.722,11.081,8221,0
ARH,D,20171218,000000,11.095,11.331,11.095,11.305,4670,0
ARH,D,20171219,000000,10.926,11.23,10.926,11.23,3101,0
ARH,D,20171220,000000,10.858,11.317,10.858,11.169,3875,0
ARH,D,20171221,000000,10.933,11.142,10.933,10.966,2353,0
ARH,D,20171222,000000,10.966,11.148,10.966,11.148,1465,0
ARH,D,20171227,000000,10.905,10.905,10.845,10.845,851,0
ARH,D,20171228,000000,10.823,11.027,10.526,11.027,1180,0
ARH,D,20171229,000000,10.777,11.095,10.777,11.095,1881,0
ARH,D,20180103,000000,10.959,11.095,10.823,11.095,1788,0
ARH,D,20180104,000000,10.959,10.959,10.757,10.757,19096,0
ARH,D,20180105,000000,10.757,10.823,10.757,10.823,2171,0
ARH,D,20180108,000000,10.823,10.823,10.722,10.823,80460,0
ARH,D,20180109,000000,10.959,10.959,10.823,10.823,6465,0
ARH,D,20180110,000000,10.823,10.823,10.823,10.823,4365,0
ARH,D,20180111,000000,10.823,10.993,10.823,10.993,184,0
ARH,D,20180112,000000,10.993,10.993,10.757,10.959,3710,0
ARH,D,20180115,000000,10.959,10.959,10.891,10.891,5452,0
ARH,D,20180116,000000,10.926,10.959,10.722,10.959,4643,0
ARH,D,20180117,000000,10.823,10.959,10.757,10.757,6600,0
ARH,D,20180118,000000,10.757,10.757,10.654,10.689,6223,0
ARH,D,20180119,000000,10.689,10.689,10.621,10.621,4874,0
ARH,D,20180122,000000,10.689,10.689,10.52,10.554,1527,0
ARH,D,20180123,000000,10.554,10.654,10.554,10.654,652,0
ARH,D,20180124,000000,10.52,10.689,10.485,10.654,600,0
ARH,D,20180125,000000,10.621,10.621,10.554,10.621,615,0
ARH,D,20180126,000000,10.689,10.689,10.621,10.689,19311,0
ARH,D,20180129,000000,10.689,10.689,10.654,10.689,7566,0
ARH,D,20180130,000000,10.689,10.689,10.52,10.52,12560,0
ARH,D,20180131,000000,10.485,10.485,10.147,10.485,87061,0
ARH,D,20180201,000000,10.485,10.485,10.485,10.485,251,0
ARH,D,20180202,000000,10.485,10.485,10.35,10.35,4657,0
ARH,D,20180205,000000,10.35,10.35,10.283,10.283,488,0
ARH,D,20180206,000000,10.181,10.418,9.878,10.418,10492,0
ARH,D,20180207,000000,10.385,10.52,10.147,10.52,28040,0
ARH,D,20180208,000000,10.385,10.621,10.385,10.621,1173,0
ARH,D,20180209,000000,10.621,10.621,10.418,10.621,1403,0
ARH,D,20180212,000000,10.621,10.621,10.385,10.485,9392,0
ARH,D,20180213,000000,10.485,10.485,10.485,10.485,865,0
ARH,D,20180214,000000,10.248,10.485,10.248,10.485,4539,0
ARH,D,20180215,000000,10.485,10.485,10.485,10.485,2809,0
ARH,D,20180216,000000,10.485,10.485,10.485,10.485,1847,0
ARH,D,20180219,000000,10.485,10.485,10.485,10.485,14782,0
ARH,D,20180220,000000,10.485,10.485,10.418,10.485,21111,0
ARH,D,20180221,000000,10.418,10.418,10.418,10.418,4705,0
ARH,D,20180222,000000,10.418,10.418,10.35,10.418,1566,0
ARH,D,20180223,000000,10.418,10.689,10.418,10.689,1094,0
ARH,D,20180226,000000,10.317,10.959,10.317,10.959,1752,0
ARH,D,20180227,000000,10.959,10.959,10.858,10.858,1666,0
ARH,D,20180228,000000,10.891,10.891,10.621,10.858,6192,0
ARH,D,20180301,000000,10.79,10.823,10.554,10.823,729,0
ARH,D,20180302,000000,10.757,10.757,10.621,10.621,21749,0
ARH,D,20180305,000000,10.554,10.689,10.554,10.689,911,0
ARH,D,20180306,000000,10.689,10.689,10.385,10.689,386,0
ARH,D,20180307,000000,10.418,10.554,10.215,10.52,5973,0
ARH,D,20180308,000000,10.621,10.621,10.451,10.621,469,0
ARH,D,20180309,000000,10.621,10.621,10.554,10.621,447,0
ARH,D,20180312,000000,10.621,10.621,10.52,10.621,212,0
ARH,D,20180314,000000,10.654,10.654,10.654,10.654,592,0
ARH,D,20180315,000000,10.689,10.689,10.52,10.654,1611,0
ARH,D,20180319,000000,10.52,10.621,10.485,10.621,1212,0
ARH,D,20180320,000000,10.485,10.689,10.485,10.689,295,0
ARH,D,20180321,000000,10.485,10.757,10.485,10.757,232,0
ARH,D,20180322,000000,10.757,10.757,10.587,10.757,1547,0
ARH,D,20180323,000000,10.621,10.621,10.621,10.621,1625,0
ARH,D,20180326,000000,10.621,10.79,10.52,10.79,269,0
ARH,D,20180327,000000,10.79,10.79,10.52,10.757,2632,0
ARH,D,20180328,000000,10.757,10.757,10.554,10.722,1004,0
ARH,D,20180329,000000,10.587,10.823,10.587,10.823,2363,0
ARH,D,20180403,000000,10.823,10.823,10.35,10.554,6523,0
ARH,D,20180404,000000,10.554,10.554,10.385,10.554,4251,0
ARH,D,20180406,000000,10.35,10.485,10.147,10.485,13448,0
ARH,D,20180410,000000,10.248,10.485,10.215,10.485,2957,0
ARH,D,20180411,000000,10.451,10.451,10.451,10.451,45,0
ARH,D,20180412,000000,10.451,10.451,10.451,10.451,300,0
ARH,D,20180413,000000,10.418,10.418,10.147,10.35,3169,0
ARH,D,20180416,000000,10.215,10.418,10.215,10.418,277,0
ARH,D,20180417,000000,10.248,10.248,10.215,10.248,666,0
ARH,D,20180418,000000,10.181,10.181,10.08,10.147,3071,0
ARH,D,20180419,000000,10.147,10.147,9.741,10.08,3419,0
ARH,D,20180420,000000,10.147,10.418,10.147,10.418,105740,0
ARH,D,20180423,000000,10.08,10.147,9.944,10.147,5957,0
ARH,D,20180424,000000,10.418,10.418,10.147,10.283,9067,0
ARH,D,20180425,000000,10.147,10.385,10.147,10.35,32544,0
ARH,D,20180426,000000,10.385,10.385,10.317,10.317,724,0
ARH,D,20180427,000000,10.385,10.385,10.147,10.147,3444,0
ARH,D,20180430,000000,10.114,10.35,10.114,10.35,680,0
ARH,D,20180502,000000,10.35,10.35,10.35,10.35,1423,0
ARH,D,20180504,000000,10.35,10.35,10.283,10.283,194,0
ARH,D,20180507,000000,10.283,10.35,10.283,10.317,1880,0
ARH,D,20180508,000000,10.283,10.317,10.248,10.317,779,0
ARH,D,20180509,000000,10.317,10.317,10.248,10.317,696,0
ARH,D,20180511,000000,10.283,10.317,10.181,10.283,73645,0
ARH,D,20180514,000000,10.317,10.485,10.317,10.485,31315,0
ARH,D,20180515,000000,10.485,10.621,10.35,10.621,200898,0
ARH,D,20180516,000000,10.621,10.689,10.485,10.689,254096,0
ARH,D,20180517,000000,10.757,10.757,10.485,10.722,45336,0
ARH,D,20180518,000000,10.317,10.689,10.317,10.689,387,0
ARH,D,20180521,000000,10.317,10.722,10.317,10.722,326,0
ARH,D,20180523,000000,10.35,10.689,10.215,10.689,2650,0
ARH,D,20180524,000000,10.35,10.485,10.35,10.485,2083,0
ARH,D,20180525,000000,10.485,10.689,10.485,10.689,23064,0
ARH,D,20180528,000000,10.52,10.823,10.52,10.79,2087,0
ARH,D,20180529,000000,10.79,10.823,10.757,10.823,5349,0
ARH,D,20180530,000000,10.689,10.79,10.621,10.79,6413,0
ARH,D,20180601,000000,10.79,10.79,10.689,10.79,4731,0
ARH,D,20180604,000000,11.348,11.348,10.678,10.79,103986,0
ARH,D,20180605,000000,10.939,10.939,10.716,10.716,15684,0
ARH,D,20180606,000000,10.641,10.641,10.269,10.604,21979,0
ARH,D,20180607,000000,10.604,10.604,10.604,10.604,1076,0
ARH,D,20180608,000000,10.604,10.641,10.604,10.641,135,0
ARH,D,20180611,000000,10.678,11.162,10.678,11.162,1369,0
ARH,D,20180612,000000,11.087,11.385,10.865,11.385,1815,0
ARH,D,20180613,000000,11.348,11.46,11.05,11.46,5178,0
ARH,D,20180618,000000,11.162,11.46,11.05,11.46,392,0
ARH,D,20180619,000000,11.014,11.46,11.014,11.46,25739,0
ARH,D,20180620,000000,11.423,11.423,11.423,11.423,2821,0
ARH,D,20180621,000000,11.423,11.423,11.162,11.162,806,0
ARH,D,20180622,000000,11.385,11.385,11.385,11.385,2696,0
ARH,D,20180626,000000,11.385,11.385,11.05,11.348,3628,0
ARH,D,20180627,000000,11.385,11.385,11.087,11.274,4158,0
ARH,D,20180628,000000,11.274,11.274,11.274,11.274,2776,0
ARH,D,20180629,000000,11.274,11.348,11.274,11.348,2821,0
ARH,D,20180702,000000,11.311,11.311,11.274,11.274,2424,0
ARH,D,20180703,000000,11.274,11.274,11.274,11.274,2419,0
ARH,D,20180704,000000,11.274,11.274,11.274,11.274,1223,0
ARH,D,20180705,000000,11.274,11.274,11.162,11.162,88856,0
ARH,D,20180706,000000,11.274,11.274,11.274,11.274,1871,0
ARH,D,20180709,000000,11.274,11.274,10.977,11.236,1401,0
ARH,D,20180710,000000,10.79,11.236,10.79,11.236,1484,0
ARH,D,20180712,000000,11.014,11.014,11.014,11.014,13,0
ARH,D,20180713,000000,11.014,11.014,11.014,11.014,868,0
ARH,D,20180716,000000,11.014,11.125,10.865,11.125,1843,0
ARH,D,20180717,000000,11.087,11.087,11.087,11.087,1748,0
ARH,D,20180718,000000,11.087,11.125,11.087,11.125,1910,0
ARH,D,20180719,000000,11.087,11.087,11.087,11.087,1882,0
ARH,D,20180720,000000,11.087,11.087,11.087,11.087,1814,0
ARH,D,20180723,000000,10.939,11.087,10.939,10.939,1675,0
ARH,D,20180724,000000,11.125,11.125,10.939,10.939,1760,0
ARH,D,20180725,000000,11.05,11.05,11.014,11.014,1481,0
ARH,D,20180726,000000,10.827,10.865,10.79,10.79,1202,0
ARH,D,20180727,000000,10.79,10.939,10.79,10.939,155,0
ARH,D,20180730,000000,10.939,10.939,10.939,10.939,61,0
ARH,D,20180731,000000,11.014,11.125,10.939,11.125,176,0
ARH,D,20180801,000000,11.125,11.125,11.125,11.125,1585,0
ARH,D,20180802,000000,11.087,11.087,11.087,11.087,1411,0
ARH,D,20180803,000000,11.087,11.087,10.865,10.865,1814,0
ARH,D,20180806,000000,10.79,10.79,10.79,10.79,135,0
ARH,D,20180807,000000,10.79,10.79,10.79,10.79,639,0
ARH,D,20180808,000000,10.716,10.753,10.269,10.753,1936,0
ARH,D,20180809,000000,10.753,10.753,10.38,10.492,2799,0
ARH,D,20180810,000000,10.343,10.418,10.047,10.38,1482,0
ARH,D,20180813,000000,10.38,10.38,10.232,10.232,2068,0
ARH,D,20180814,000000,10.269,10.269,10.232,10.232,1911,0
ARH,D,20180816,000000,10.269,10.269,10.269,10.269,96,0
ARH,D,20180821,000000,10.232,10.232,10.232,10.232,108,0
ARH,D,20180822,000000,10.232,10.269,10.232,10.269,135,0
ARH,D,20180827,000000,9.935,10.269,9.935,10.269,678,0
ARH,D,20180828,000000,9.935,10.047,9.4502,9.674,7106,0
ARH,D,20180829,000000,9.674,9.674,9.674,9.674,1593,0
ARH,D,20180830,000000,9.898,9.898,9.898,9.898,127,0
ARH,D,20180831,000000,9.898,9.898,9.898,9.898,314,0
ARH,D,20180903,000000,9.898,9.898,9.898,9.898,940,0
ARH,D,20180905,000000,9.898,9.898,9.898,9.898,288,0
ARH,D,20180906,000000,9.823,9.898,9.823,9.898,782,0
ARH,D,20180907,000000,9.898,9.898,9.823,9.823,8373,0
ARH,D,20180910,000000,9.823,9.823,9.823,9.823,57121,0
ARH,D,20180911,000000,9.823,9.823,9.823,9.823,27193,0
ARH,D,20180912,000000,9.823,9.823,9.823,9.823,24082,0
ARH,D,20180914,000000,9.898,10.047,9.4502,10.047,4836,0
ARH,D,20180917,000000,9.674,10.047,9.674,10.047,136,0
ARH,D,20180918,000000,10.047,10.047,10.047,10.047,1613,0
ARH,D,20180919,000000,9.823,9.972,9.823,9.972,1869,0
ARH,D,20180920,000000,9.898,9.898,9.823,9.823,8581,0
ARH,D,20180921,000000,9.823,9.823,9.823,9.823,10750,0
ARH,D,20180924,000000,9.823,9.823,9.674,9.674,2131,0
ARH,D,20180925,000000,9.674,9.674,9.637,9.637,6275,0
ARH,D,20180927,000000,9.972,9.972,9.823,9.823,4846,0
ARH,D,20180928,000000,9.823,9.935,9.823,9.935,3495,0
ARH,D,20181001,000000,9.898,9.898,9.861,9.861,578,0
ARH,D,20181002,000000,9.525,9.525,9.3762,9.525,3489,0
ARH,D,20181003,000000,9.6,9.6,9.1525,9.1525,3243,0
ARH,D,20181008,000000,9.2274,9.2274,8.8179,8.9297,9503,0
ARH,D,20181009,000000,8.9297,9.0036,8.8549,8.8549,12659,0
ARH,D,20181010,000000,8.8549,8.8549,8.8549,8.8549,1625,0
ARH,D,20181011,000000,8.781,8.781,8.5575,8.5575,6405,0
ARH,D,20181012,000000,8.5575,8.5575,8.4836,8.4836,3226,0
ARH,D,20181015,000000,8.7441,8.7441,8.5945,8.5945,24739,0
ARH,D,20181016,000000,8.6323,8.6323,8.5575,8.5575,2015,0
ARH,D,20181018,000000,8.7062,8.7062,8.7062,8.7062,135,0
ARH,D,20181019,000000,8.7062,8.7062,8.7062,8.7062,243,0
ARH,D,20181022,000000,8.7062,8.7062,8.7062,8.7062,12,0
ARH,D,20181023,000000,8.7062,8.7062,8.6323,8.6323,402,0
ARH,D,20181024,000000,8.7062,8.7062,8.7062,8.7062,1238,0
ARH,D,20181025,000000,8.6323,8.8549,8.6323,8.8549,437,0
ARH,D,20181026,000000,8.6323,8.6323,8.4458,8.4458,201,0
ARH,D,20181029,000000,8.8179,8.8179,8.8179,8.8179,103,0
ARH,D,20181030,000000,8.781,8.781,8.781,8.781,2779,0
ARH,D,20181031,000000,8.5945,8.5945,8.4836,8.4836,2029,0
ARH,D,20181102,000000,8.5575,8.5575,8.5575,8.5575,54,0
ARH,D,20181105,000000,8.781,8.781,8.7062,8.7062,45915,0
ARH,D,20181106,000000,8.5575,8.5575,8.4836,8.4836,8426,0
ARH,D,20181107,000000,8.8179,8.8179,8.7062,8.7062,3676,0
ARH,D,20181108,000000,8.8179,8.8549,8.8179,8.8549,993,0
ARH,D,20181114,000000,8.8549,8.8549,8.8549,8.8549,354,0
ARH,D,20181116,000000,8.8549,8.8549,8.8549,8.8549,187617,0
ARH,D,20181119,000000,8.9297,8.9297,8.9297,8.9297,596,0
ARH,D,20181120,000000,9.0785,9.3762,9.0785,9.3762,6205,0
ARH,D,20181122,000000,9.3762,9.3762,9.3762,9.3762,112,0
ARH,D,20181123,000000,9.1525,9.1525,9.1525,9.1525,40314,0
ARH,D,20181128,000000,9.1525,9.3762,8.9297,9.3762,8063,0
ARH,D,20181129,000000,8.8549,8.8549,8.8549,8.8549,511,0
ARH,D,20181130,000000,8.8549,8.8927,8.8549,8.8927,3845,0
ARH,D,20181203,000000,8.8927,8.8927,8.8927,8.8927,4339,0
ARH,D,20181204,000000,8.8927,8.8927,8.8549,8.8549,4673,0
ARH,D,20181205,000000,8.8549,8.8549,8.8549,8.8549,3226,0
ARH,D,20181206,000000,8.8549,8.8549,8.781,8.781,3782,0
ARH,D,20181207,000000,8.8549,8.8549,8.8549,8.8549,3361,0
ARH,D,20181210,000000,8.8549,8.8549,8.5575,8.5575,6517,0
ARH,D,20181211,000000,8.6323,8.6323,8.5945,8.6323,1839,0
ARH,D,20181212,000000,8.8549,8.8549,8.8549,8.8549,3729,0
ARH,D,20181213,000000,8.8549,8.8549,8.8179,8.8179,3707,0
ARH,D,20181214,000000,8.8179,8.8179,8.7062,8.7062,40529,0
ARH,D,20181217,000000,8.5575,8.781,8.5575,8.781,2105,0
ARH,D,20181218,000000,8.7441,8.7441,8.4836,8.5205,2646,0
ARH,D,20181219,000000,8.4836,8.4836,8.1861,8.2971,4626,0
ARH,D,20181220,000000,8.2971,8.2971,8.1861,8.2971,2561,0
ARH,D,20181221,000000,8.1861,8.2971,8.0375,8.2971,870,0
ARH,D,20181227,000000,8.2971,8.2971,8.2971,8.2971,926,0
ARH,D,20181228,000000,8.2971,8.5575,8.2601,8.5575,418,0
ARH,D,20190102,000000,8.8549,8.8549,8.5205,8.5205,2150,0
ARH,D,20190103,000000,8.3349,8.3719,8.3349,8.3719,1957,0
ARH,D,20190104,000000,8.4836,8.4836,8.4836,8.4836,9,0
ARH,D,20190107,000000,8.3719,8.3719,8.3349,8.3349,335,0
ARH,D,20190108,000000,8.3349,8.3349,8.1861,8.1861,2115,0
ARH,D,20190109,000000,8.1861,8.781,8.1861,8.7441,127159,0
ARH,D,20190110,000000,8.7441,8.7441,8.7441,8.7441,406,0
ARH,D,20190111,000000,8.4088,8.7441,8.4088,8.7441,288,0
ARH,D,20190114,000000,8.3719,8.7441,8.3719,8.7441,84,0
ARH,D,20190115,000000,8.3719,8.7062,8.3719,8.7062,3066,0
ARH,D,20190116,000000,8.5575,8.6323,8.5575,8.6323,67879,0
ARH,D,20190117,000000,8.6323,8.6693,8.6323,8.6693,269,0
ARH,D,20190118,000000,8.6693,8.6693,8.6693,8.6693,2,0
ARH,D,20190121,000000,8.6323,8.8549,8.6323,8.8179,7277,0
ARH,D,20190122,000000,8.5575,8.8549,8.5575,8.8549,379,0
ARH,D,20190123,000000,8.5945,8.7441,8.5575,8.7441,1212,0
ARH,D,20190124,000000,8.7441,8.7441,8.6323,8.6323,853,0
ARH,D,20190125,000000,8.5575,8.7441,8.3349,8.5575,6224,0
ARH,D,20190128,000000,8.6323,8.9297,8.4836,8.9297,71838,0
ARH,D,20190129,000000,8.9297,9.2644,8.9297,9.2274,1347,0
ARH,D,20190130,000000,9.0785,9.3023,9.0785,9.3023,1349,0
ARH,D,20190131,000000,9.3023,9.972,9.3023,9.637,11926,0
ARH,D,20190201,000000,9.637,9.637,9.3762,9.6,303,0
ARH,D,20190204,000000,9.6,9.786,9.6,9.749,4126,0
ARH,D,20190205,000000,9.749,9.749,9.749,9.749,39,0
ARH,D,20190206,000000,9.749,10.232,9.749,10.047,4376,0
ARH,D,20190207,000000,10.047,10.047,9.749,10.047,364,0
ARH,D,20190208,000000,10.047,10.047,9.749,10.047,216,0
ARH,D,20190213,000000,9.972,9.972,9.972,9.972,287,0
ARH,D,20190214,000000,9.749,9.749,9.749,9.749,853,0
ARH,D,20190215,000000,9.823,9.823,9.823,9.823,2,0
ARH,D,20190218,000000,9.823,9.823,9.823,9.823,201,0
ARH,D,20190219,000000,9.861,9.861,9.861,9.861,44,0
ARH,D,20190220,000000,9.861,9.861,9.861,9.861,2,0
ARH,D,20190222,000000,9.525,9.861,9.525,9.861,1219,0
ARH,D,20190225,000000,9.861,9.861,9.861,9.861,13,0
ARH,D,20190226,000000,9.861,9.861,9.861,9.861,2,0
ARH,D,20190301,000000,9.861,9.972,9.637,9.935,3258,0
ARH,D,20190304,000000,9.898,9.898,9.823,9.898,399,0
ARH,D,20190305,000000,10.01,10.01,10.01,10.01,3,0
ARH,D,20190306,000000,9.6,9.6,9.6,9.6,806,0
ARH,D,20190307,000000,9.6,9.637,9.6,9.637,112,0
ARH,D,20190308,000000,9.637,9.637,9.2274,9.3393,1179,0
ARH,D,20190311,000000,9.3393,9.3393,9.3393,9.3393,6,0
ARH,D,20190312,000000,9.1525,9.3393,9.1525,9.3393,13170,0
ARH,D,20190313,000000,9.3023,9.3393,9.3023,9.3393,103378,0
ARH,D,20190314,000000,9.0416,9.2274,8.9667,9.2274,396,0
ARH,D,20190315,000000,9.2274,9.525,9.0785,9.525,1060,0
ARH,D,20190318,000000,9.525,9.525,9.3023,9.4872,8379,0
ARH,D,20190319,000000,9.525,9.525,9.525,9.525,6,0
ARH,D,20190320,000000,9.4502,9.525,9.4502,9.4502,809,0
ARH,D,20190321,000000,9.4502,9.525,9.4502,9.525,1014,0
ARH,D,20190322,000000,9.3023,9.749,9.2274,9.749,78158,0
ARH,D,20190325,000000,9.2274,9.749,9.2274,9.749,232,0
ARH,D,20190326,000000,9.749,9.898,9.674,9.674,50888,0
ARH,D,20190327,000000,9.674,10.01,9.674,9.898,6765,0
ARH,D,20190328,000000,9.898,10.195,9.898,10.195,7188,0
ARH,D,20190329,000000,10.418,10.418,10.195,10.418,1620,0
ARH,D,20190401,000000,10.418,10.716,10.418,10.716,105,0
ARH,D,20190402,000000,10.716,10.716,10.716,10.716,39,0
ARH,D,20190403,000000,10.716,10.716,10.38,10.38,2260,0
ARH,D,20190404,000000,10.38,10.418,10.38,10.418,59863,0
ARH,D,20190405,000000,10.12,10.12,10.12,10.12,1179,0
ARH,D,20190408,000000,10.12,10.12,10.12,10.12,44,0
ARH,D,20190409,000000,10.343,10.529,10.343,10.529,1438,0
ARH,D,20190410,000000,10.567,10.567,10.567,10.567,739,0
ARH,D,20190411,000000,10.418,10.418,10.269,10.418,1930,0
ARH,D,20190412,000000,10.418,10.418,10.418,10.418,40617,0
ARH,D,20190415,000000,10.418,10.418,10.418,10.418,304,0
ARH,D,20190417,000000,10.343,10.418,10.269,10.418,2047,0
ARH,D,20190423,000000,10.269,10.269,10.195,10.195,845,0
ARH,D,20190425,000000,10.047,10.418,10.047,10.38,3849,0
ARH,D,20190426,000000,10.418,10.678,10.418,10.678,1054,0
ARH,D,20190429,000000,10.232,10.79,10.195,10.79,6423,0
ARH,D,20190430,000000,10.269,10.753,10.269,10.753,276,0
ARH,D,20190502,000000,10.195,10.753,10.195,10.753,485,0
ARH,D,20190507,000000,10.269,10.716,10.269,10.716,66,0
ARH,D,20190508,000000,10.269,10.269,10.269,10.269,112,0
ARH,D,20190509,000000,10.269,10.269,10.269,10.269,101,0
ARH,D,20190514,000000,10.716,10.716,10.716,10.716,27,0
ARH,D,20190515,000000,10.716,10.716,10.418,10.418,140,0
ARH,D,20190517,000000,10.418,10.418,10.195,10.195,2285,0
ARH,D,20190520,000000,10.38,10.38,10.269,10.38,739,0
ARH,D,20190521,000000,10.38,10.38,10.232,10.232,110,0
ARH,D,20190522,000000,10.343,10.418,10.343,10.418,63510,0
ARH,D,20190523,000000,10.604,10.604,10.604,10.604,135,0
ARH,D,20190524,000000,10.641,10.716,10.641,10.716,1772,0
ARH,D,20190527,000000,10.753,11.014,10.753,11.014,1110,0
ARH,D,20190529,000000,10.529,10.977,10.529,10.977,27,0
ARH,D,20190530,000000,10.529,10.939,10.529,10.567,2787,0
ARH,D,20190531,000000,10.977,11.014,10.977,11.014,343,0
ARH,D,20190603,000000,11.014,11.087,11.014,11.014,2671,0
ARH,D,20190606,000000,11.236,11.236,11.236,11.236,10288,0
ARH,D,20190612,000000,11.385,11.385,11.236,11.236,7605,0
ARH,D,20190614,000000,11.236,11.236,11.236,11.236,247,0
ARH,D,20190617,000000,11.236,11.236,11.199,11.199,537,0
ARH,D,20190618,000000,11.199,11.236,11.162,11.162,1064,0
ARH,D,20190619,000000,11.236,11.236,11.236,11.236,77,0
ARH,D,20190621,000000,11.274,11.274,11.236,11.236,806,0
ARH,D,20190624,000000,11.535,11.535,11.348,11.385,1714,0
ARH,D,20190625,000000,11.385,11.87,11.385,11.609,15088,0
ARH,D,20190626,000000,11.46,11.46,11.311,11.46,2042,0
ARH,D,20190627,000000,11.423,11.684,11.423,11.46,4364,0
ARH,D,20190628,000000,11.258,11.902,11.258,11.862,732,0
ARH,D,20190701,000000,11.34,11.34,11.017,11.017,2307,0
ARH,D,20190702,000000,11.46,11.46,11.46,11.46,398,0
ARH,D,20190703,000000,11.54,11.54,11.46,11.46,308,0
ARH,D,20190704,000000,11.54,11.54,11.379,11.379,2383,0
ARH,D,20190705,000000,11.258,11.258,11.258,11.258,280,0
ARH,D,20190708,000000,11.258,11.258,11.258,11.258,253,0
ARH,D,20190709,000000,11.258,11.258,11.258,11.258,62,0
ARH,D,20190710,000000,11.258,11.5,11.258,11.5,1175,0
ARH,D,20190711,000000,11.62,11.62,11.62,11.62,80,0
ARH,D,20190712,000000,11.62,11.62,11.62,11.62,62,0
ARH,D,20190715,000000,11.58,11.58,11.5,11.5,294,0
ARH,D,20190716,000000,11.5,11.5,11.5,11.5,92,0
ARH,D,20190717,000000,11.34,11.34,11.34,11.34,130,0
ARH,D,20190718,000000,11.299,11.299,11.258,11.258,784,0
ARH,D,20190719,000000,10.937,10.937,10.937,10.937,1082,0
ARH,D,20190722,000000,10.616,10.696,10.616,10.696,502,0
ARH,D,20190723,000000,10.616,10.616,10.454,10.454,1018,0
ARH,D,20190724,000000,10.454,10.454,10.374,10.374,212,0
ARH,D,20190725,000000,10.374,11.058,10.374,11.058,4505,0
ARH,D,20190726,000000,11.058,11.058,11.058,11.058,123,0
ARH,D,20190729,000000,11.058,11.058,11.058,11.058,31,0
ARH,D,20190730,000000,10.535,11.058,10.535,11.058,24,0
ARH,D,20190731,000000,10.616,10.616,10.616,10.616,123,0
ARH,D,20190801,000000,11.058,11.299,11.017,11.258,5966,0
ARH,D,20190802,000000,11.218,11.218,11.218,11.218,342,0
ARH,D,20190805,000000,11.218,11.218,11.218,11.218,317,0
ARH,D,20190806,000000,11.218,11.258,11.178,11.258,1905,0
ARH,D,20190808,000000,11.178,11.258,11.178,11.258,870,0
ARH,D,20190809,000000,11.258,11.258,11.258,11.258,93,0
ARH,D,20190812,000000,11.258,11.258,11.098,11.098,207,0
ARH,D,20190813,000000,11.017,11.017,11.017,11.017,249,0
ARH,D,20190819,000000,10.977,10.977,10.937,10.937,1040,0
ARH,D,20190820,000000,10.857,10.857,10.857,10.857,244,0
ARH,D,20190821,000000,10.857,10.897,10.857,10.897,936,0
ARH,D,20190822,000000,11.258,11.34,11.258,11.34,250,0
ARH,D,20190823,000000,11.098,11.258,10.977,11.258,898,0
ARH,D,20190826,000000,11.017,11.218,10.977,11.218,632,0
ARH,D,20190828,000000,10.977,10.977,10.696,10.696,25562,0
ARH,D,20190902,000000,10.696,10.696,10.696,10.696,643,0
ARH,D,20190903,000000,10.696,10.696,10.696,10.696,259,0
ARH,D,20190906,000000,10.696,10.696,10.535,10.535,942,0
ARH,D,20190909,000000,10.655,10.655,10.535,10.535,2305,0
ARH,D,20190910,000000,10.535,10.777,10.374,10.777,999,0
ARH,D,20190911,000000,10.374,10.777,10.374,10.616,671,0
ARH,D,20190912,000000,10.454,10.816,10.454,10.816,1199,0
ARH,D,20190913,000000,11.258,11.661,11.258,11.661,74703,0
ARH,D,20190916,000000,11.661,11.943,11.5,11.943,94646,0
ARH,D,20190917,000000,11.821,12.144,11.661,12.023,29150,0
ARH,D,20190918,000000,12.063,12.063,12.063,12.063,12,0
ARH,D,20190919,000000,12.063,12.063,12.023,12.063,213,0
ARH,D,20190920,000000,12.063,12.063,12.063,12.063,50,0
ARH,D,20190923,000000,11.661,11.982,11.661,11.982,628,0
ARH,D,20190924,000000,11.982,11.982,11.982,11.982,621,0
ARH,D,20190926,000000,12.063,12.063,12.063,12.063,9,0
ARH,D,20190927,000000,11.982,11.982,11.661,11.982,27249,0
ARH,D,20190930,000000,11.982,11.982,11.982,11.982,648,0
ARH,D,20191001,000000,11.982,12.063,11.982,12.063,7572,0
ARH,D,20191002,000000,12.063,12.063,11.742,11.742,498,0
ARH,D,20191003,000000,12.063,12.144,11.742,12.144,788,0
ARH,D,20191004,000000,12.063,12.063,12.063,12.063,16,0
ARH,D,20191007,000000,12.063,12.063,12.063,12.063,547,0
ARH,D,20191008,000000,12.063,12.063,12.063,12.063,220,0
ARH,D,20191009,000000,12.063,12.063,12.063,12.063,37,0
ARH,D,20191010,000000,12.063,12.063,12.063,12.063,25,0
ARH,D,20191011,000000,12.023,12.023,12.023,12.023,205,0
ARH,D,20191014,000000,12.023,12.023,11.943,11.982,950,0
ARH,D,20191015,000000,11.982,11.982,11.982,11.982,396,0
ARH,D,20191016,000000,12.063,12.063,11.982,11.982,900,0
ARH,D,20191017,000000,12.063,12.144,12.063,12.063,2417,0
ARH,D,20191018,000000,12.063,12.224,11.982,11.982,2259,0
ARH,D,20191021,000000,12.063,12.063,11.943,11.982,4561,0
ARH,D,20191022,000000,11.982,12.063,11.982,12.063,402,0
ARH,D,20191023,000000,12.224,12.305,12.224,12.305,365,0
ARH,D,20191024,000000,12.384,12.384,12.384,12.384,167,0
ARH,D,20191025,000000,12.305,12.305,11.982,12.305,1310,0
ARH,D,20191028,000000,12.305,12.305,11.982,12.224,1885,0
ARH,D,20191029,000000,12.392,12.392,12.266,12.308,407,0
ARH,D,20191030,000000,12.308,12.728,12.266,12.518,1951,0
ARH,D,20191031,000000,12.686,12.728,12.602,12.644,1023,0
ARH,D,20191104,000000,12.686,12.728,12.434,12.434,1344,0
ARH,D,20191105,000000,12.77,12.77,12.77,12.77,76,0
ARH,D,20191106,000000,12.602,12.602,12.518,12.602,3490,0
ARH,D,20191107,000000,12.602,12.602,12.308,12.518,3214,0
ARH,D,20191108,000000,12.602,12.602,12.518,12.518,5382,0
ARH,D,20191112,000000,12.518,12.56,12.518,12.56,383,0
ARH,D,20191113,000000,12.56,12.77,12.56,12.77,1342,0
ARH,D,20191114,000000,12.812,12.812,12.686,12.686,1257,0
ARH,D,20191115,000000,12.77,12.77,12.686,12.686,37,0
ARH,D,20191118,000000,12.686,12.686,12.602,12.602,1333,0
ARH,D,20191120,000000,12.77,12.77,12.602,12.602,383,0
ARH,D,20191122,000000,12.812,12.812,12.602,12.686,475,0
ARH,D,20191125,000000,12.77,12.77,12.602,12.728,874,0
ARH,D,20191126,000000,12.602,12.728,12.602,12.602,480,0
ARH,D,20191127,000000,12.77,12.896,12.644,12.644,72743,0
ARH,D,20191128,000000,12.77,12.77,12.518,12.518,1236,0
ARH,D,20191129,000000,12.644,12.644,12.434,12.602,1614,0
ARH,D,20191202,000000,12.602,12.644,12.602,12.644,1500,0
ARH,D,20191203,000000,12.644,12.644,12.602,12.602,700,0
ARH,D,20191204,000000,12.602,12.602,12.602,12.602,2261,0
ARH,D,20191205,000000,12.644,12.644,12.644,12.644,608,0
ARH,D,20191206,000000,12.602,12.77,12.602,12.77,3528,0
ARH,D,20191209,000000,12.77,12.98,12.475,12.98,1787,0
ARH,D,20191210,000000,12.854,13.862,12.854,13.862,401664,0
ARH,D,20191211,000000,13.862,14.282,13.862,14.198,21833,0
ARH,D,20191212,000000,14.198,14.198,13.862,13.862,12146,0
ARH,D,20191213,000000,14.072,14.114,13.862,14.114,6568,0
ARH,D,20191216,000000,14.114,14.114,13.946,14.072,772,0
ARH,D,20191217,000000,14.114,14.198,13.862,14.114,4541,0
ARH,D,20191218,000000,14.114,14.156,14.03,14.156,1354,0
ARH,D,20191219,000000,14.198,14.198,13.778,13.862,1346,0
ARH,D,20191220,000000,13.778,13.862,13.778,13.862,1479,0
ARH,D,20191223,000000,13.778,14.114,13.778,13.904,3194,0
ARH,D,20191227,000000,13.904,14.114,13.862,14.114,2513,0
ARH,D,20191230,000000,14.198,14.366,14.198,14.366,2324,0
ARH,D,20200102,000000,14.535,15.375,14.535,15.375,6128,0
ARH,D,20200103,000000,15.29,15.375,15.122,15.207,2033,0
ARH,D,20200107,000000,15.122,15.29,14.912,15.122,3247,0
ARH,D,20200108,000000,15.29,15.29,14.786,14.786,3639,0
ARH,D,20200109,000000,14.912,15.122,14.912,15.038,1072,0
ARH,D,20200110,000000,15.207,15.29,15.122,15.122,1501,0
ARH,D,20200113,000000,15.207,15.207,15.122,15.207,3971,0
ARH,D,20200114,000000,15.29,15.458,15.122,15.207,2518,0
ARH,D,20200115,000000,15.122,15.501,15.122,15.122,4519,0
ARH,D,20200116,000000,15.542,15.542,15.122,15.122,1796,0
ARH,D,20200117,000000,15.122,15.332,15.122,15.332,2788,0
ARH,D,20200120,000000,15.122,15.542,15.038,15.332,21635,0
ARH,D,20200121,000000,15.542,16.088,15.542,15.71,52085,0
ARH,D,20200122,000000,15.71,16.467,15.71,16.004,2563,0
ARH,D,20200123,000000,16.047,16.215,15.627,15.627,4098,0
ARH,D,20200124,000000,15.71,16.215,15.627,16.088,3039,0
ARH,D,20200127,000000,16.13,16.13,14.87,15.207,5711,0
ARH,D,20200128,000000,15.207,16.256,15.207,15.542,91091,0
ARH,D,20200129,000000,15.627,15.627,15.627,15.627,536,0
ARH,D,20200130,000000,16.13,16.13,15.795,15.962,877,0
ARH,D,20200131,000000,16.047,16.13,15.458,15.627,3382,0
ARH,D,20200203,000000,15.795,16.382,15.795,16.382,3951,0
ARH,D,20200204,000000,16.467,16.467,15.962,16.256,1776,0
ARH,D,20200205,000000,15.962,16.467,15.962,16.467,2241,0
ARH,D,20200206,000000,16.467,16.467,15.962,15.962,1408,0
ARH,D,20200207,000000,15.962,15.962,15.542,15.542,25433,0
ARH,D,20200210,000000,15.542,15.962,15.542,15.962,586,0
ARH,D,20200211,000000,15.962,16.467,15.878,16.047,37212,0
ARH,D,20200212,000000,16.382,16.382,16.13,16.299,20808,0
ARH,D,20200213,000000,16.382,16.382,16.13,16.13,565,0
ARH,D,20200214,000000,16.13,16.382,16.13,16.382,21632,0
ARH,D,20200217,000000,16.382,16.382,16.299,16.382,2125,0
ARH,D,20200218,000000,16.382,16.382,16.299,16.299,522,0
ARH,D,20200219,000000,16.299,16.382,15.542,16.004,5266,0
ARH,D,20200220,000000,16.047,16.382,16.047,16.088,4624,0
ARH,D,20200221,000000,16.088,16.088,16.047,16.047,781,0
ARH,D,20200224,000000,16.047,16.047,15.542,15.542,2659,0
ARH,D,20200225,000000,15.501,15.542,15.122,15.375,5049,0
ARH,D,20200226,000000,14.955,15.207,14.535,15.122,6010,0
ARH,D,20200227,000000,14.996,14.996,14.576,14.576,9045,0
ARH,D,20200228,000000,14.282,14.45,11.762,13.946,19908,0
ARH,D,20200302,000000,13.274,14.955,13.274,14.072,11032,0
ARH,D,20200303,000000,14.661,14.955,14.661,14.955,2669,0
ARH,D,20200304,000000,14.955,15.122,14.282,15.122,3397,0
ARH,D,20200305,000000,15.081,15.795,14.955,14.955,9872,0
ARH,D,20200306,000000,14.955,15.038,14.24,14.535,12255,0
ARH,D,20200309,000000,14.114,14.114,13.526,13.526,3895,0
ARH,D,20200310,000000,13.61,13.862,13.61,13.61,15925,0
ARH,D,20200311,000000,13.862,13.862,13.106,13.106,1939,0
ARH,D,20200312,000000,12.602,12.602,11.342,11.426,4997,0
ARH,D,20200313,000000,12.434,12.434,10.123,10.123,7521,0
ARH,D,20200316,000000,9.2416,10.291,8.8213,8.8213,9805,0
ARH,D,20200317,000000,9.662,10.586,9.662,10.586,2000,0
ARH,D,20200318,000000,11.342,11.342,10.334,11.006,1210,0
ARH,D,20200319,000000,10.249,12.938,10.249,12.896,5968,0
ARH,D,20200320,000000,11.929,13.021,11.762,12.266,2335,0
ARH,D,20200323,000000,11.929,11.929,11.929,11.929,381,0
ARH,D,20200324,000000,11.929,11.929,10.754,10.754,7006,0
ARH,D,20200325,000000,10.922,11.089,10.922,10.963,663,0
ARH,D,20200326,000000,10.963,11.72,10.754,11.72,3739,0
ARH,D,20200327,000000,11.258,11.342,11.258,11.342,377,0
ARH,D,20200330,000000,11.594,11.594,10.754,10.922,2520,0
ARH,D,20200331,000000,10.922,11.174,10.922,11.048,2771,0
ARH,D,20200401,000000,10.922,11.006,10.586,10.922,1287,0
ARH,D,20200402,000000,10.669,10.837,10.502,10.669,1976,0
ARH,D,20200403,000000,10.669,10.669,10.502,10.543,608,0
ARH,D,20200406,000000,10.417,10.669,9.955,9.955,12636,0
ARH,D,20200407,000000,10.669,10.669,9.871,10.082,9526,0
ARH,D,20200408,000000,9.997,10.082,9.788,10.082,3770,0
ARH,D,20200409,000000,10.082,10.082,9.955,10.082,25616,0
ARH,D,20200414,000000,10.123,10.754,9.914,10.375,17972,0
ARH,D,20200415,000000,10.795,10.922,10.417,10.502,12679,0
ARH,D,20200416,000000,10.669,10.922,10.669,10.922,269,0
ARH,D,20200417,000000,10.922,11.089,10.837,10.837,5885,0
ARH,D,20200420,000000,10.922,11.258,10.837,11.258,2882,0
ARH,D,20200421,000000,11.509,11.509,10.543,10.837,4288,0
ARH,D,20200422,000000,10.837,10.963,10.837,10.963,639,0
ARH,D,20200423,000000,11.089,11.089,10.669,11.089,462,0
ARH,D,20200424,000000,10.754,10.837,10.669,10.754,1823,0
ARH,D,20200427,000000,10.754,10.837,10.334,10.669,2014,0
ARH,D,20200428,000000,10.502,10.754,10.249,10.754,2913,0
ARH,D,20200429,000000,10.88,10.88,10.417,10.669,427,0
ARH,D,20200430,000000,10.669,11.048,10.669,10.669,24682,0
ARH,D,20200504,000000,10.334,10.334,9.871,9.914,12009,0
ARH,D,20200505,000000,9.914,10.291,9.914,10.291,686,0
ARH,D,20200506,000000,9.914,10.249,9.871,9.955,872,0
ARH,D,20200507,000000,10.249,10.754,9.955,10.754,3089,0
ARH,D,20200508,000000,10.586,10.586,10.334,10.502,1297,0
ARH,D,20200511,000000,10.502,10.669,10.502,10.628,862,0
ARH,D,20200512,000000,10.543,12.434,10.543,11.594,76843,0
ARH,D,20200513,000000,12.308,12.308,11.635,11.929,1937,0
ARH,D,20200514,000000,11.929,12.055,11.552,11.888,2412,0
ARH,D,20200515,000000,11.888,11.888,11.342,11.846,8508,0
ARH,D,20200518,000000,11.929,11.929,11.509,11.594,1770,0
ARH,D,20200519,000000,11.509,11.509,11.342,11.509,14532,0
ARH,D,20200520,000000,11.762,11.762,11.383,11.383,729,0
ARH,D,20200521,000000,11.383,11.762,11.383,11.762,85,0
ARH,D,20200522,000000,11.762,12.055,11.678,12.055,24063,0
ARH,D,20200525,000000,12.055,12.266,12.014,12.266,6282,0
ARH,D,20200526,000000,12.266,12.77,11.846,12.644,7823,0
ARH,D,20200527,000000,12.77,12.812,12.644,12.644,2473,0
ARH,D,20200528,000000,12.938,13.4,12.938,12.98,4538,0
ARH,D,20200529,000000,13.358,13.4,13.148,13.358,12210,0
ARH,D,20200601,000000,13.358,14.114,13.358,14.03,8101,0
ARH,D,20200602,000000,12.77,14.366,12.77,14.366,31569,0
ARH,D,20200603,000000,14.45,15.081,14.366,15.081,5946,0
ARH,D,20200604,000000,15.081,15.795,14.996,15.29,16268,0
ARH,D,20200605,000000,15.122,15.542,14.87,15.542,4593,0
ARH,D,20200608,000000,15.458,15.584,14.955,15.332,4635,0
ARH,D,20200609,000000,15.038,15.207,14.576,15.122,1643,0
ARH,D,20200610,000000,14.576,14.661,14.114,14.45,2249,0
ARH,D,20200612,000000,14.114,14.114,13.526,14.114,4392,0
ARH,D,20200615,000000,13.946,14.114,13.862,14.03,391,0
ARH,D,20200616,000000,14.114,14.702,14.114,14.702,1377,0
ARH,D,20200617,000000,14.618,14.702,14.618,14.661,434,0
ARH,D,20200618,000000,14.661,14.661,14.282,14.661,571,0
ARH,D,20200619,000000,14.198,14.618,14.03,14.535,845,0
ARH,D,20200622,000000,14.45,15.29,13.946,15.207,15788,0
ARH,D,20200623,000000,14.786,15.207,14.786,14.955,346,0
ARH,D,20200624,000000,15.375,15.458,14.87,15.038,4023,0
ARH,D,20200625,000000,15.122,15.122,14.618,14.744,3291,0
ARH,D,20200626,000000,14.702,14.912,14.324,14.576,3088,0
ARH,D,20200629,000000,14.366,14.366,14.324,14.366,1235,0
ARH,D,20200630,000000,14.366,14.702,14.282,14.702,1772,0
ARH,D,20200701,000000,14.702,14.702,14.114,14.702,302,0
ARH,D,20200702,000000,14.282,14.618,14.282,14.618,89,0
ARH,D,20200703,000000,14.366,14.618,14.366,14.576,1703,0
ARH,D,20200706,000000,14.45,14.618,14.282,14.618,710,0
ARH,D,20200707,000000,14.618,14.618,14.618,14.618,95,0
ARH,D,20200708,000000,14.618,14.618,14.03,14.618,445,0
ARH,D,20200709,000000,14.282,15.542,14.282,15.207,1131,0
ARH,D,20200710,000000,15.207,15.207,14.702,14.996,532,0
ARH,D,20200713,000000,14.366,15.122,14.282,14.618,2489,0
ARH,D,20200714,000000,14.282,14.576,14.198,14.45,4048,0
ARH,D,20200715,000000,14.282,14.45,14.198,14.45,1373,0
ARH,D,20200716,000000,14.535,14.535,14.03,14.03,4013,0
ARH,D,20200717,000000,13.862,14.114,13.526,14.114,2915,0
ARH,D,20200720,000000,14.114,15.878,13.484,15.458,37882,0
ARH,D,20200721,000000,15.627,15.836,15.122,15.836,25849,0
ARH,D,20200722,000000,15.836,15.836,15.375,15.542,5250,0
ARH,D,20200723,000000,15.795,15.795,15.542,15.795,24332,0
ARH,D,20200724,000000,15.795,15.795,15.29,15.627,1762,0
ARH,D,20200727,000000,15.71,15.878,15.248,15.29,4397,0
ARH,D,20200728,000000,15.248,15.795,14.366,15.29,4179,0
ARH,D,20200729,000000,15.375,15.375,14.198,14.702,5637,0
ARH,D,20200730,000000,14.45,14.45,13.274,14.282,8507,0
ARH,D,20200731,000000,13.946,15.248,13.442,15.248,11798,0
ARH,D,20200803,000000,15.248,15.458,15.122,15.29,4498,0
ARH,D,20200804,000000,15.29,15.753,15.122,15.668,5941,0
ARH,D,20200805,000000,15.878,16.215,15.878,15.962,5956,0
ARH,D,20200806,000000,16.088,16.719,15.542,16.676,18117,0
ARH,D,20200807,000000,16.719,16.719,16.13,16.382,12798,0
ARH,D,20200810,000000,16.13,16.635,16.047,16.299,5433,0
ARH,D,20200811,000000,16.299,16.467,16.13,16.467,868,0
ARH,D,20200812,000000,16.467,16.467,15.878,16.047,2104,0
ARH,D,20200813,000000,15.878,15.878,15.627,15.627,5492,0
ARH,D,20200814,000000,15.542,15.542,15.542,15.542,226,0
ARH,D,20200817,000000,15.542,16.047,15.542,15.627,544,0
ARH,D,20200818,000000,15.627,15.71,15.542,15.71,2591,0
ARH,D,20200819,000000,15.71,15.71,15.542,15.668,22749,0
ARH,D,20200820,000000,15.627,15.878,15.627,15.795,843,0
ARH,D,20200821,000000,15.668,15.668,15.668,15.668,191,0
ARH,D,20200824,000000,15.627,15.962,15.627,15.962,441,0
ARH,D,20200825,000000,15.962,15.962,15.795,15.795,947,0
ARH,D,20200826,000000,15.795,15.962,15.501,15.962,684,0
ARH,D,20200827,000000,15.962,15.962,15.627,15.962,284,0
ARH,D,20200828,000000,15.795,15.878,15.795,15.878,239,0
ARH,D,20200831,000000,15.878,15.878,15.584,15.584,2333,0
ARH,D,20200901,000000,15.29,15.668,15.122,15.542,1036,0
ARH,D,20200902,000000,15.542,15.542,15.122,15.332,141,0
ARH,D,20200903,000000,15.122,15.122,14.535,14.87,65851,0
ARH,D,20200904,000000,14.87,14.87,14.535,14.786,371,0
ARH,D,20200907,000000,14.618,14.786,14.618,14.786,101,0
ARH,D,20200908,000000,14.576,15.038,14.282,14.661,1799,0
ARH,D,20200909,000000,14.198,14.661,14.198,14.661,460,0
ARH,D,20200910,000000,14.661,14.661,14.661,14.661,8,0
ARH,D,20200911,000000,14.618,14.618,14.282,14.282,561,0
ARH,D,20200914,000000,14.198,14.366,14.03,14.366,4190,0
ARH,D,20200915,000000,14.366,14.366,13.989,14.366,189,0
ARH,D,20200916,000000,13.862,14.282,13.862,14.282,561,0
ARH,D,20200917,000000,14.366,15.753,14.366,15.542,35090,0
ARH,D,20200918,000000,15.542,15.921,15.122,15.71,60366,0
ARH,D,20200921,000000,15.71,15.71,14.87,15.71,2027,0
ARH,D,20200922,000000,15.668,15.71,15.668,15.71,308,0
ARH,D,20200923,000000,15.29,15.668,15.122,15.122,3481,0
ARH,D,20200924,000000,14.912,14.912,14.366,14.786,935,0
ARH,D,20200925,000000,14.618,15.038,14.618,15.038,5325,0
ARH,D,20200928,000000,15.122,15.29,14.786,15.29,457,0
ARH,D,20200929,000000,15.122,15.248,15.122,15.248,6282,0
ARH,D,20200930,000000,15.207,15.248,14.618,15.207,160,0
ARH,D,20201001,000000,15.207,15.29,15.207,15.29,399,0
ARH,D,20201002,000000,15.29,15.29,14.996,14.996,458,0
ARH,D,20201005,000000,14.786,14.996,14.618,14.618,3352,0
ARH,D,20201006,000000,14.786,14.955,14.282,14.282,4021,0
ARH,D,20201007,000000,14.535,14.535,14.072,14.072,3018,0
ARH,D,20201008,000000,14.072,14.87,14.072,14.786,40845,0
ARH,D,20201009,000000,15.458,15.668,15.29,15.584,18719,0
ARH,D,20201012,000000,15.627,15.878,15.542,15.878,92867,0
ARH,D,20201013,000000,15.921,15.921,15.836,15.836,4510,0
ARH,D,20201014,000000,15.836,15.878,15.668,15.753,6165,0
ARH,D,20201015,000000,15.753,15.878,15.542,15.753,3467,0
ARH,D,20201016,000000,15.753,15.878,15.668,15.878,5124,0
ARH,D,20201019,000000,15.921,15.921,15.795,15.878,4039,0
ARH,D,20201020,000000,15.878,15.878,15.668,15.878,4149,0
ARH,D,20201021,000000,15.836,15.878,15.627,15.878,6062,0
ARH,D,20201022,000000,15.878,15.878,15.542,15.584,8142,0
ARH,D,20201023,000000,15.71,15.962,15.71,15.878,4114,0
ARH,D,20201026,000000,15.962,16.215,15.71,15.795,17967,0
ARH,D,20201027,000000,15.795,15.878,15.668,15.753,17977,0
ARH,D,20201028,000000,15.753,15.795,14.702,15.038,10130,0
ARH,D,20201029,000000,14.87,14.955,14.492,14.702,10147,0
ARH,D,20201030,000000,14.786,15.416,14.702,15.207,4292,0
ARH,D,20201102,000000,15.416,15.962,15.332,15.542,3142,0
ARH,D,20201103,000000,15.962,15.962,15.248,15.375,7855,0
ARH,D,20201104,000000,15.501,15.962,15.501,15.962,1171,0
ARH,D,20201105,000000,15.962,15.962,15.921,15.921,4684,0
ARH,D,20201106,000000,15.921,16.004,15.921,15.962,4027,0
ARH,D,20201109,000000,16.004,17.474,16.004,16.887,18965,0
ARH,D,20201110,000000,16.887,17.222,16.719,17.222,31025,0
ARH,D,20201112,000000,17.222,17.222,17.139,17.222,12641,0
ARH,D,20201113,000000,17.222,17.222,17.139,17.222,24500,0
ARH,D,20201116,000000,17.222,18.062,17.139,18.062,45139,0
ARH,D,20201117,000000,18.147,18.903,18.147,18.651,61387,0
ARH,D,20201118,000000,19.154,19.154,18.651,18.819,30491,0
ARH,D,20201119,000000,18.961,19.53,17.16,19.151,101542,0
ARH,D,20201120,000000,19.435,19.435,18.914,19.151,27510,0
ARH,D,20201123,000000,18.866,19.909,17.729,19.435,60919,0
ARH,D,20201124,000000,19.435,19.435,19.151,19.435,10336,0
ARH,D,20201125,000000,19.435,19.53,18.961,19.53,14375,0
ARH,D,20201126,000000,19.245,19.53,19.056,19.151,3585,0
ARH,D,20201127,000000,19.056,19.53,18.961,19.435,23290,0
ARH,D,20201130,000000,19.435,19.435,18.961,19.34,2885,0
ARH,D,20201201,000000,19.34,19.34,18.677,19.151,5449,0
ARH,D,20201202,000000,18.961,19.245,18.961,19.056,1902,0
ARH,D,20201203,000000,18.961,19.151,18.771,19.056,995,0
ARH,D,20201204,000000,19.151,19.625,18.961,19.53,6585,0
ARH,D,20201207,000000,19.625,19.625,18.961,19.34,3175,0
ARH,D,20201208,000000,19.056,19.625,19.056,19.435,12652,0
ARH,D,20201209,000000,19.435,19.53,19.245,19.435,19470,0
ARH,D,20201210,000000,19.53,19.53,19.151,19.435,26584,0
ARH,D,20201211,000000,19.34,19.34,19.056,19.34,5229,0
ARH,D,20201214,000000,19.056,19.435,19.056,19.435,33086,0
ARH,D,20201215,000000,19.435,19.435,19.056,19.435,74557,0
ARH,D,20201216,000000,19.435,20.762,19.245,20.099,16457,0
ARH,D,20201217,000000,20.383,20.478,20.099,20.288,4651,0
ARH,D,20201218,000000,20.194,20.668,20.099,20.668,10053,0
ARH,D,20201221,000000,20.383,20.668,20.004,20.668,5074,0
ARH,D,20201222,000000,20.668,20.857,20.668,20.857,9392,0
ARH,D,20201223,000000,20.857,20.952,20.762,20.952,17210,0
ARH,D,20201228,000000,20.952,22.279,20.952,21.9,7435,0
ARH,D,20201229,000000,22.279,22.279,21.805,22.184,6221,0
ARH,D,20201230,000000,21.805,22.184,21.616,21.9,4623,0
ARH,D,20210104,000000,22.279,22.279,21.616,21.616,4936,0
ARH,D,20210105,000000,21.521,21.71,21.521,21.71,2646,0
ARH,D,20210107,000000,21.71,22.184,21.616,21.805,12981,0
ARH,D,20210108,000000,21.805,22.753,21.426,22.658,33579,0
ARH,D,20210111,000000,22.469,24.649,21.805,23.606,12273,0
ARH,D,20210112,000000,23.606,23.796,22.469,23.227,49775,0
ARH,D,20210113,000000,23.227,23.227,21.521,22.469,9015,0
ARH,D,20210114,000000,22.469,23.132,22.469,22.753,1124,0
ARH,D,20210115,000000,23.038,23.038,21.805,22.09,6222,0
ARH,D,20210118,000000,22.374,23.132,22.09,23.038,3828,0
ARH,D,20210119,000000,23.038,23.038,22.469,22.943,1080,0
ARH,D,20210120,000000,22.564,22.943,22.564,22.753,1414,0
ARH,D,20210121,000000,23.038,23.132,22.753,22.943,1460,0
ARH,D,20210122,000000,22.943,23.132,22.753,23.132,3221,0
ARH,D,20210125,000000,23.227,23.701,22.184,22.753,4901,0
ARH,D,20210126,000000,22.658,22.753,22.564,22.753,573,0
ARH,D,20210127,000000,22.564,22.564,21.616,21.805,2154,0
ARH,D,20210128,000000,21.331,22.184,20.004,21.71,13890,0
ARH,D,20210129,000000,21.331,21.521,21.047,21.521,5087,0
ARH,D,20210201,000000,21.331,21.805,21.331,21.805,2499,0
ARH,D,20210202,000000,21.995,22.184,21.331,21.805,5128,0
ARH,D,20210203,000000,21.805,21.995,21.331,21.805,2176,0
ARH,D,20210204,000000,21.426,21.805,21.426,21.805,2178,0
ARH,D,20210205,000000,21.805,22.279,21.71,22.184,6055,0
ARH,D,20210208,000000,22.279,22.943,22.279,22.943,2455,0
ARH,D,20210209,000000,23.038,23.227,22.753,23.038,4654,0
ARH,D,20210210,000000,23.227,23.512,22.469,22.753,16674,0
ARH,D,20210211,000000,22.374,23.322,22.279,23.322,9452,0
ARH,D,20210212,000000,23.038,23.227,22.564,23.038,14710,0
ARH,D,20210215,000000,22.848,23.038,22.374,23.038,3820,0
ARH,D,20210216,000000,23.322,23.606,23.132,23.227,4356,0
ARH,D,20210217,000000,23.322,23.322,22.658,23.227,9292,0
ARH,D,20210218,000000,23.322,23.322,22.184,22.469,29583,0
ARH,D,20210219,000000,22.184,22.184,21.331,21.331,12342,0
ARH,D,20210222,000000,21.331,21.616,21.047,21.616,12031,0
ARH,D,20210223,000000,21.71,22.09,21.331,22.09,6739,0
ARH,D,20210224,000000,21.616,22.564,21.616,22.564,19651,0
ARH,D,20210225,000000,22.564,22.658,22.09,22.564,566,0
ARH,D,20210226,000000,21.616,21.995,21.142,21.805,4021,0
ARH,D,20210301,000000,21.426,21.805,21.142,21.521,4717,0
ARH,D,20210302,000000,21.521,21.805,21.236,21.805,2420,0
ARH,D,20210303,000000,21.805,21.805,21.521,21.616,10415,0
ARH,D,20210304,000000,21.521,21.521,20.952,21.426,4082,0
ARH,D,20210305,000000,21.331,21.426,20.952,21.331,1432,0
ARH,D,20210308,000000,21.521,22.184,21.331,22.184,2486,0
ARH,D,20210309,000000,22.09,22.374,21.331,22.09,4321,0
ARH,D,20210310,000000,21.616,22.184,21.616,22.09,647,0
ARH,D,20210311,000000,22.09,22.09,21.426,21.71,1018,0
ARH,D,20210312,000000,21.426,22.184,21.426,21.805,4095,0
ARH,D,20210315,000000,21.805,22.184,21.616,22.184,1817,0
ARH,D,20210316,000000,22.279,22.374,21.995,22.374,7253,0
ARH,D,20210317,000000,22.374,22.374,21.71,21.995,5182,0
ARH,D,20210318,000000,22.374,22.374,21.9,22.279,918,0
ARH,D,20210319,000000,21.9,22.279,21.805,22.09,294,0
ARH,D,20210322,000000,22.09,22.184,21.71,22.09,1048,0
ARH,D,20210323,000000,22.279,22.279,21.616,21.995,2334,0
ARH,D,20210324,000000,22.09,22.09,20.952,21.805,2683,0
ARH,D,20210325,000000,21.142,21.805,21.047,21.71,942,0
ARH,D,20210326,000000,21.71,21.805,21.142,21.71,1462,0
ARH,D,20210329,000000,21.71,21.71,21.142,21.331,6626,0
ARH,D,20210330,000000,21.047,21.331,21.047,21.047,2656,0
ARH,D,20210331,000000,21.331,21.331,21.142,21.331,8974,0
ARH,D,20210401,000000,21.331,21.331,21.047,21.331,2947,0
ARH,D,20210406,000000,20.857,20.857,19.151,20.383,79261,0
ARH,D,20210407,000000,20.383,20.857,20.383,20.383,8219,0
ARH,D,20210408,000000,20.383,20.857,20.383,20.857,11975,0
ARH,D,20210409,000000,20.857,20.857,20.573,20.573,10066,0
ARH,D,20210412,000000,20.857,20.857,20.478,20.857,9905,0
ARH,D,20210413,000000,20.857,20.857,20.668,20.668,24978,0
ARH,D,20210414,000000,20.857,21.995,20.668,21.71,21830,0
ARH,D,20210415,000000,21.71,21.71,21.521,21.521,8427,0
ARH,D,20210416,000000,21.521,21.616,21.426,21.426,1013,0
ARH,D,20210419,000000,21.331,21.71,21.236,21.426,4086,0
ARH,D,20210420,000000,21.426,21.616,21.142,21.142,2532,0
ARH,D,20210421,000000,21.331,21.426,21.331,21.331,3190,0
ARH,D,20210422,000000,21.331,21.616,21.331,21.616,2449,0
ARH,D,20210423,000000,21.521,21.521,21.426,21.521,1282,0
ARH,D,20210426,000000,21.521,21.616,21.426,21.426,1254,0
ARH,D,20210427,000000,21.521,21.616,21.047,21.521,2672,0
ARH,D,20210428,000000,21.521,21.616,20.952,21.521,3048,0
ARH,D,20210429,000000,21.426,21.616,21.236,21.616,1796,0
ARH,D,20210430,000000,21.71,22.279,21.616,22.279,8481,0
ARH,D,20210504,000000,22.279,22.279,20.383,20.857,18763,0
ARH,D,20210505,000000,20.857,21.521,20.668,21.521,2130,0
ARH,D,20210506,000000,21.521,21.616,21.047,21.426,2065,0
ARH,D,20210507,000000,21.426,22.09,21.236,21.805,2788,0
ARH,D,20210510,000000,21.805,22.753,21.142,21.426,13756,0
ARH,D,20210511,000000,21.047,21.426,20.857,21.047,2115,0
ARH,D,20210512,000000,21.426,21.9,21.331,21.9,3415,0
ARH,D,20210513,000000,21.9,21.995,21.331,21.995,2367,0
ARH,D,20210514,000000,22.09,22.469,22.09,22.469,6372,0
ARH,D,20210517,000000,22.848,24.46,22.848,23.417,31515,0
ARH,D,20210518,000000,23.417,23.606,22.943,23.417,11185,0
ARH,D,20210519,000000,23.417,23.606,22.564,22.753,6376,0
ARH,D,20210520,000000,22.753,23.227,22.753,23.227,1687,0
ARH,D,20210521,000000,23.227,24.175,22.848,23.606,9099,0
ARH,D,20210524,000000,23.796,24.175,22.564,22.753,12039,0
ARH,D,20210525,000000,22.943,23.701,22.753,23.038,6471,0
ARH,D,20210526,000000,23.227,23.227,21.047,22.374,11281,0
ARH,D,20210527,000000,22.374,22.374,21.805,21.805,3740,0
ARH,D,20210528,000000,21.805,23.322,21.805,22.753,7218,0
ARH,D,20210531,000000,22.753,23.512,22.753,23.227,4830,0
ARH,D,20210601,000000,23.322,23.322,22.848,23.132,2081,0
ARH,D,20210602,000000,23.132,23.132,22.564,22.753,4569,0
ARH,D,20210604,000000,22.753,23.132,22.658,22.943,7193,0
ARH,D,20210607,000000,22.943,23.038,22.564,22.753,3591,0
ARH,D,20210608,000000,22.753,22.848,22.09,22.753,118069,0
ARH,D,20210609,000000,22.753,22.753,22.279,22.564,32124,0
ARH,D,20210610,000000,22.564,22.658,21.9,22.564,2279,0
ARH,D,20210611,000000,22.564,22.564,21.9,22.279,4221,0
ARH,D,20210614,000000,22.09,22.469,22.09,22.374,2763,0
ARH,D,20210615,000000,22.09,22.184,21.616,21.9,5923,0
ARH,D,20210616,000000,21.805,21.9,21.616,21.9,1128,0
ARH,D,20210617,000000,21.805,23.322,21.331,21.9,39845,0
ARH,D,20210618,000000,21.805,22.279,21.616,22.184,6594,0
ARH,D,20210621,000000,22.374,22.374,21.9,22.279,1842,0
ARH,D,20210622,000000,22.279,22.279,21.9,22.279,162,0
ARH,D,20210623,000000,22.184,22.279,22.09,22.279,323,0
ARH,D,20210624,000000,22.279,22.469,21.71,22.09,1520,0
ARH,D,20210625,000000,22.09,22.753,21.9,22.374,5946,0
ARH,D,20210628,000000,22.374,23.132,22.374,22.943,8410,0
ARH,D,20210629,000000,22.848,23.038,22.848,22.943,3515,0
ARH,D,20210630,000000,23.038,23.038,22.848,23.038,1984,0
ARH,D,20210701,000000,23.132,23.322,23.038,23.132,2318,0
ARH,D,20210702,000000,23.227,23.227,22.943,22.943,809,0
ARH,D,20210705,000000,23.132,23.227,21.805,22.848,4831,0
ARH,D,20210706,000000,22.848,23.038,22.469,22.469,4520,0
ARH,D,20210707,000000,22.469,22.658,22.374,22.374,9564,0
ARH,D,20210708,000000,22.564,22.658,21.805,21.9,8801,0
ARH,D,20210709,000000,23,23,22.1,22.5,2889,0
ARH,D,20210712,000000,22,22.6,22,22.5,1617,0
ARH,D,20210713,000000,22.5,22.7,22.4,22.7,857,0
ARH,D,20210714,000000,22.3,22.7,22.3,22.7,1084,0
ARH,D,20210715,000000,22.8,22.9,22.8,22.9,210,0
ARH,D,20210716,000000,22.8,22.8,22.6,22.7,659,0
ARH,D,20210719,000000,22.7,22.8,22.3,22.3,1541,0
ARH,D,20210720,000000,22.3,22.6,22.3,22.3,2524,0
ARH,D,20210721,000000,22.4,22.4,22.3,22.3,2364,0
ARH,D,20210722,000000,22.4,22.5,22.4,22.4,370,0
ARH,D,20210723,000000,22.4,22.6,22.2,22.5,1468,0
ARH,D,20210726,000000,22.5,22.5,22.4,22.5,391,0
ARH,D,20210727,000000,22.4,22.5,22.4,22.5,353,0
ARH,D,20210728,000000,22.5,22.5,22.3,22.3,447,0
ARH,D,20210729,000000,22.5,22.6,22.3,22.6,152,0
ARH,D,20210730,000000,22.5,22.5,22.5,22.5,455,0
ARH,D,20210802,000000,22.5,22.5,22.4,22.4,2312,0
ARH,D,20210803,000000,22.4,22.5,22.4,22.5,8488,0
ARH,D,20210804,000000,22.5,22.5,22,22.1,8719,0
ARH,D,20210805,000000,22.3,22.3,22.1,22.2,550,0
ARH,D,20210806,000000,22.1,22.4,22,22.4,276,0
ARH,D,20210809,000000,22.4,22.4,22.2,22.4,1601,0
ARH,D,20210810,000000,22.2,22.4,22.2,22.4,1159,0
ARH,D,20210811,000000,22.5,22.5,22.4,22.4,4133,0
ARH,D,20210812,000000,22.4,22.4,22.3,22.3,693,0
ARH,D,20210813,000000,22.4,22.4,22.3,22.4,217,0
ARH,D,20210816,000000,22.3,22.3,22.2,22.3,39699,0
ARH,D,20210817,000000,22.2,22.3,22.2,22.2,1924,0
ARH,D,20210818,000000,22.3,22.3,22.1,22.3,5510,0
ARH,D,20210819,000000,22.2,22.4,22.1,22.1,788,0
ARH,D,20210820,000000,22.3,22.4,22.1,22.1,1515,0
ARH,D,20210823,000000,22.1,22.5,22.1,22.3,1638,0
ARH,D,20210824,000000,22.2,22.4,22.2,22.4,2950,0
ARH,D,20210825,000000,22.4,22.5,22.3,22.4,3134,0
ARH,D,20210826,000000,22.4,22.8,22.4,22.8,7530,0
ARH,D,20210827,000000,22.9,22.9,22.7,22.7,614,0
ARH,D,20210830,000000,22.9,22.9,22.4,22.4,12347,0
ARH,D,20210831,000000,22.4,22.4,22.1,22.1,3814,0
ARH,D,20210901,000000,22.3,22.5,21.7,21.7,12860,0
ARH,D,20210902,000000,21.7,21.8,21.1,21.3,5390,0
ARH,D,20210903,000000,21.7,21.7,20.5,20.5,9961,0
ARH,D,20210906,000000,20.9,21.2,20.8,21.2,6101,0
ARH,D,20210907,000000,21.3,21.3,20.5,20.9,16894,0
ARH,D,20210908,000000,20.9,21,20.5,20.7,12087,0
ARH,D,20210909,000000,20.7,20.8,20.4,20.7,5206,0
ARH,D,20210910,000000,20.7,20.7,20.3,20.7,3098,0
ARH,D,20210913,000000,20.3,20.8,20.3,20.7,2448,0
ARH,D,20210914,000000,20.6,20.8,20.6,20.7,3962,0
ARH,D,20210915,000000,20.8,20.8,20.8,20.8,364,0
ARH,D,20210916,000000,20.6,20.6,20.1,20.5,38235,0
ARH,D,20210917,000000,20.9,21.7,20.9,21.5,28702,0
ARH,D,20210920,000000,21.5,21.5,21,21.5,8967,0
ARH,D,20210921,000000,21.2,21.7,21.2,21.7,29419,0
ARH,D,20210922,000000,21.4,21.8,21.4,21.5,2916,0
ARH,D,20210923,000000,21.8,22,21.3,21.9,1439,0
ARH,D,20210924,000000,22,22.1,21.7,22.1,1872,0
ARH,D,20210927,000000,21.9,21.9,21.8,21.8,816,0
ARH,D,20210928,000000,21.7,21.7,21.3,21.4,9332,0
ARH,D,20210929,000000,21.6,22,21.5,22,4538,0
ARH,D,20210930,000000,22.1,22.1,21.2,21.9,2111,0
ARH,D,20211001,000000,21.5,22,21.3,21.3,1806,0
ARH,D,20211004,000000,21.7,21.8,21.3,21.6,717,0
ARH,D,20211005,000000,21.5,21.7,21.4,21.7,412,0
ARH,D,20211006,000000,21.7,21.8,21.4,21.4,782,0
ARH,D,20211007,000000,21.4,21.5,21.1,21.1,554,0
ARH,D,20211008,000000,21.7,22.3,21.7,22,19167,0
ARH,D,20211011,000000,22,22,21.9,22,6868,0
ARH,D,20211012,000000,22,22,21.5,21.7,5987,0
ARH,D,20211013,000000,21.9,22.3,21.9,21.9,44581,0
ARH,D,20211014,000000,22,22.2,21.9,22,179374,0
ARH,D,20211015,000000,22.3,22.4,22,22.2,42010,0
ARH,D,20211018,000000,22.2,23,22,22.5,10900,0
ARH,D,20211019,000000,22.9,23,22.5,22.8,2451,0
ARH,D,20211020,000000,22.9,23.1,22,22.6,4418,0
ARH,D,20211021,000000,22.6,23.1,22.6,23.1,5333,0
ARH,D,20211022,000000,23.2,23.8,23.2,23.7,7872,0
ARH,D,20211025,000000,23.6,24.3,23.5,24.3,19294,0
ARH,D,20211026,000000,24.3,24.5,24,24.4,4557,0
ARH,D,20211027,000000,24.4,24.4,23.6,23.9,5886,0
ARH,D,20211028,000000,24,24,23.5,23.5,3241,0
ARH,D,20211029,000000,23.5,23.5,23.2,23.3,4889,0
ARH,D,20211102,000000,23.9,24,23.5,23.5,9052,0
